
TIME    TEMP   VCCINT   VCCBRAM   VCCAUX   VP     VN    VAUXP[0]   VAUXN[0]   VAUXP[1]   VAUXN[1]   VAUXP[2]   VAUXN[2]   VAUXP[3]   VAUXN[3]   VAUXP[4]   VAUXN[4]   VAUXP[5]   VAUXN[5]   VAUXP[6]   VAUXN[6]   VAUXP[7]   VAUXN[7]   VAUXP[8]   VAUXN[8]   VAUXP[9]   VAUXN[9]   VAUXP[10]   VAUXN[10]   VAUXP[11]   VAUXN[11]   VAUXP[12]   VAUXN[12]   VAUXP[13]   VAUXN[13]   VAUXP[14]   VAUXN[14]   VAUXP[15]   VAUXN[15]
0 63.0  1.02  1.02  1.8  0.50  0.0  0.50  0  0.50  0  0.50  0  0.50  0  0.50  0  0.50  0  0.50  0  0.50  0  0.50  0  0.50  0  0.50  0  0.50  0  0.50  0  0.50  0  0.50  0  0.50  0 //
2080 63.0  1.02  1.02  1.8  0.50  0.0  0.50  0  0.50  0  0.50  0  0.50  0  0.50  0  0.50  0  0.50  0  0.50  0  0.50  0  0.50  0  0.50  0  0.50  0  0.50  0  0.50  0  0.50  0  0.50  0 //
4160 63.0  1.02  1.02  1.8  0.51  0.0  0.51  0  0.51  0  0.51  0  0.51  0  0.51  0  0.51  0  0.51  0  0.51  0  0.51  0  0.51  0  0.51  0  0.51  0  0.51  0  0.51  0  0.51  0  0.51  0 //
6240 63.0  1.02  1.02  1.8  0.51  0.0  0.51  0  0.51  0  0.51  0  0.51  0  0.51  0  0.51  0  0.51  0  0.51  0  0.51  0  0.51  0  0.51  0  0.51  0  0.51  0  0.51  0  0.51  0  0.51  0 //
8320 63.0  1.02  1.02  1.8  0.52  0.0  0.52  0  0.52  0  0.52  0  0.52  0  0.52  0  0.52  0  0.52  0  0.52  0  0.52  0  0.52  0  0.52  0  0.52  0  0.52  0  0.52  0  0.52  0  0.52  0 //
10400 63.0  1.02  1.02  1.8  0.52  0.0  0.52  0  0.52  0  0.52  0  0.52  0  0.52  0  0.52  0  0.52  0  0.52  0  0.52  0  0.52  0  0.52  0  0.52  0  0.52  0  0.52  0  0.52  0  0.52  0 //
12480 63.0  1.02  1.02  1.8  0.52  0.0  0.52  0  0.52  0  0.52  0  0.52  0  0.52  0  0.52  0  0.52  0  0.52  0  0.52  0  0.52  0  0.52  0  0.52  0  0.52  0  0.52  0  0.52  0  0.52  0 //
14560 63.0  1.02  1.02  1.8  0.53  0.0  0.53  0  0.53  0  0.53  0  0.53  0  0.53  0  0.53  0  0.53  0  0.53  0  0.53  0  0.53  0  0.53  0  0.53  0  0.53  0  0.53  0  0.53  0  0.53  0 //
16640 63.0  1.02  1.02  1.8  0.53  0.0  0.53  0  0.53  0  0.53  0  0.53  0  0.53  0  0.53  0  0.53  0  0.53  0  0.53  0  0.53  0  0.53  0  0.53  0  0.53  0  0.53  0  0.53  0  0.53  0 //
18720 63.0  1.02  1.02  1.8  0.54  0.0  0.54  0  0.54  0  0.54  0  0.54  0  0.54  0  0.54  0  0.54  0  0.54  0  0.54  0  0.54  0  0.54  0  0.54  0  0.54  0  0.54  0  0.54  0  0.54  0 //
20800 63.0  1.02  1.02  1.8  0.54  0.0  0.54  0  0.54  0  0.54  0  0.54  0  0.54  0  0.54  0  0.54  0  0.54  0  0.54  0  0.54  0  0.54  0  0.54  0  0.54  0  0.54  0  0.54  0  0.54  0 //
22880 63.0  1.02  1.02  1.8  0.55  0.0  0.55  0  0.55  0  0.55  0  0.55  0  0.55  0  0.55  0  0.55  0  0.55  0  0.55  0  0.55  0  0.55  0  0.55  0  0.55  0  0.55  0  0.55  0  0.55  0 //
24960 63.0  1.02  1.02  1.8  0.55  0.0  0.55  0  0.55  0  0.55  0  0.55  0  0.55  0  0.55  0  0.55  0  0.55  0  0.55  0  0.55  0  0.55  0  0.55  0  0.55  0  0.55  0  0.55  0  0.55  0 //
27040 63.0  1.02  1.02  1.8  0.55  0.0  0.55  0  0.55  0  0.55  0  0.55  0  0.55  0  0.55  0  0.55  0  0.55  0  0.55  0  0.55  0  0.55  0  0.55  0  0.55  0  0.55  0  0.55  0  0.55  0 //
29120 63.0  1.02  1.02  1.8  0.56  0.0  0.56  0  0.56  0  0.56  0  0.56  0  0.56  0  0.56  0  0.56  0  0.56  0  0.56  0  0.56  0  0.56  0  0.56  0  0.56  0  0.56  0  0.56  0  0.56  0 //
31200 63.0  1.02  1.02  1.8  0.56  0.0  0.56  0  0.56  0  0.56  0  0.56  0  0.56  0  0.56  0  0.56  0  0.56  0  0.56  0  0.56  0  0.56  0  0.56  0  0.56  0  0.56  0  0.56  0  0.56  0 //
33280 63.0  1.02  1.02  1.8  0.57  0.0  0.57  0  0.57  0  0.57  0  0.57  0  0.57  0  0.57  0  0.57  0  0.57  0  0.57  0  0.57  0  0.57  0  0.57  0  0.57  0  0.57  0  0.57  0  0.57  0 //
35360 63.0  1.02  1.02  1.8  0.57  0.0  0.57  0  0.57  0  0.57  0  0.57  0  0.57  0  0.57  0  0.57  0  0.57  0  0.57  0  0.57  0  0.57  0  0.57  0  0.57  0  0.57  0  0.57  0  0.57  0 //
37440 63.0  1.02  1.02  1.8  0.57  0.0  0.57  0  0.57  0  0.57  0  0.57  0  0.57  0  0.57  0  0.57  0  0.57  0  0.57  0  0.57  0  0.57  0  0.57  0  0.57  0  0.57  0  0.57  0  0.57  0 //
39520 63.0  1.02  1.02  1.8  0.58  0.0  0.58  0  0.58  0  0.58  0  0.58  0  0.58  0  0.58  0  0.58  0  0.58  0  0.58  0  0.58  0  0.58  0  0.58  0  0.58  0  0.58  0  0.58  0  0.58  0 //
41600 63.0  1.02  1.02  1.8  0.58  0.0  0.58  0  0.58  0  0.58  0  0.58  0  0.58  0  0.58  0  0.58  0  0.58  0  0.58  0  0.58  0  0.58  0  0.58  0  0.58  0  0.58  0  0.58  0  0.58  0 //
43680 63.0  1.02  1.02  1.8  0.59  0.0  0.59  0  0.59  0  0.59  0  0.59  0  0.59  0  0.59  0  0.59  0  0.59  0  0.59  0  0.59  0  0.59  0  0.59  0  0.59  0  0.59  0  0.59  0  0.59  0 //
45760 63.0  1.02  1.02  1.8  0.59  0.0  0.59  0  0.59  0  0.59  0  0.59  0  0.59  0  0.59  0  0.59  0  0.59  0  0.59  0  0.59  0  0.59  0  0.59  0  0.59  0  0.59  0  0.59  0  0.59  0 //
47840 63.0  1.02  1.02  1.8  0.60  0.0  0.60  0  0.60  0  0.60  0  0.60  0  0.60  0  0.60  0  0.60  0  0.60  0  0.60  0  0.60  0  0.60  0  0.60  0  0.60  0  0.60  0  0.60  0  0.60  0 //
49920 63.0  1.02  1.02  1.8  0.60  0.0  0.60  0  0.60  0  0.60  0  0.60  0  0.60  0  0.60  0  0.60  0  0.60  0  0.60  0  0.60  0  0.60  0  0.60  0  0.60  0  0.60  0  0.60  0  0.60  0 //
52000 63.0  1.02  1.02  1.8  0.60  0.0  0.60  0  0.60  0  0.60  0  0.60  0  0.60  0  0.60  0  0.60  0  0.60  0  0.60  0  0.60  0  0.60  0  0.60  0  0.60  0  0.60  0  0.60  0  0.60  0 //
54080 63.0  1.02  1.02  1.8  0.61  0.0  0.61  0  0.61  0  0.61  0  0.61  0  0.61  0  0.61  0  0.61  0  0.61  0  0.61  0  0.61  0  0.61  0  0.61  0  0.61  0  0.61  0  0.61  0  0.61  0 //
56160 63.0  1.02  1.02  1.8  0.61  0.0  0.61  0  0.61  0  0.61  0  0.61  0  0.61  0  0.61  0  0.61  0  0.61  0  0.61  0  0.61  0  0.61  0  0.61  0  0.61  0  0.61  0  0.61  0  0.61  0 //
58240 63.0  1.02  1.02  1.8  0.62  0.0  0.62  0  0.62  0  0.62  0  0.62  0  0.62  0  0.62  0  0.62  0  0.62  0  0.62  0  0.62  0  0.62  0  0.62  0  0.62  0  0.62  0  0.62  0  0.62  0 //
60320 63.0  1.02  1.02  1.8  0.62  0.0  0.62  0  0.62  0  0.62  0  0.62  0  0.62  0  0.62  0  0.62  0  0.62  0  0.62  0  0.62  0  0.62  0  0.62  0  0.62  0  0.62  0  0.62  0  0.62  0 //
62400 63.0  1.02  1.02  1.8  0.62  0.0  0.62  0  0.62  0  0.62  0  0.62  0  0.62  0  0.62  0  0.62  0  0.62  0  0.62  0  0.62  0  0.62  0  0.62  0  0.62  0  0.62  0  0.62  0  0.62  0 //
64480 63.0  1.02  1.02  1.8  0.63  0.0  0.63  0  0.63  0  0.63  0  0.63  0  0.63  0  0.63  0  0.63  0  0.63  0  0.63  0  0.63  0  0.63  0  0.63  0  0.63  0  0.63  0  0.63  0  0.63  0 //
66560 63.0  1.02  1.02  1.8  0.63  0.0  0.63  0  0.63  0  0.63  0  0.63  0  0.63  0  0.63  0  0.63  0  0.63  0  0.63  0  0.63  0  0.63  0  0.63  0  0.63  0  0.63  0  0.63  0  0.63  0 //
68640 63.0  1.02  1.02  1.8  0.64  0.0  0.64  0  0.64  0  0.64  0  0.64  0  0.64  0  0.64  0  0.64  0  0.64  0  0.64  0  0.64  0  0.64  0  0.64  0  0.64  0  0.64  0  0.64  0  0.64  0 //
70720 63.0  1.02  1.02  1.8  0.64  0.0  0.64  0  0.64  0  0.64  0  0.64  0  0.64  0  0.64  0  0.64  0  0.64  0  0.64  0  0.64  0  0.64  0  0.64  0  0.64  0  0.64  0  0.64  0  0.64  0 //
72800 63.0  1.02  1.02  1.8  0.65  0.0  0.65  0  0.65  0  0.65  0  0.65  0  0.65  0  0.65  0  0.65  0  0.65  0  0.65  0  0.65  0  0.65  0  0.65  0  0.65  0  0.65  0  0.65  0  0.65  0 //
74880 63.0  1.02  1.02  1.8  0.65  0.0  0.65  0  0.65  0  0.65  0  0.65  0  0.65  0  0.65  0  0.65  0  0.65  0  0.65  0  0.65  0  0.65  0  0.65  0  0.65  0  0.65  0  0.65  0  0.65  0 //
76960 63.0  1.02  1.02  1.8  0.65  0.0  0.65  0  0.65  0  0.65  0  0.65  0  0.65  0  0.65  0  0.65  0  0.65  0  0.65  0  0.65  0  0.65  0  0.65  0  0.65  0  0.65  0  0.65  0  0.65  0 //
79040 63.0  1.02  1.02  1.8  0.66  0.0  0.66  0  0.66  0  0.66  0  0.66  0  0.66  0  0.66  0  0.66  0  0.66  0  0.66  0  0.66  0  0.66  0  0.66  0  0.66  0  0.66  0  0.66  0  0.66  0 //
81120 63.0  1.02  1.02  1.8  0.66  0.0  0.66  0  0.66  0  0.66  0  0.66  0  0.66  0  0.66  0  0.66  0  0.66  0  0.66  0  0.66  0  0.66  0  0.66  0  0.66  0  0.66  0  0.66  0  0.66  0 //
83200 63.0  1.02  1.02  1.8  0.67  0.0  0.67  0  0.67  0  0.67  0  0.67  0  0.67  0  0.67  0  0.67  0  0.67  0  0.67  0  0.67  0  0.67  0  0.67  0  0.67  0  0.67  0  0.67  0  0.67  0 //
85280 63.0  1.02  1.02  1.8  0.67  0.0  0.67  0  0.67  0  0.67  0  0.67  0  0.67  0  0.67  0  0.67  0  0.67  0  0.67  0  0.67  0  0.67  0  0.67  0  0.67  0  0.67  0  0.67  0  0.67  0 //
87360 63.0  1.02  1.02  1.8  0.67  0.0  0.67  0  0.67  0  0.67  0  0.67  0  0.67  0  0.67  0  0.67  0  0.67  0  0.67  0  0.67  0  0.67  0  0.67  0  0.67  0  0.67  0  0.67  0  0.67  0 //
89440 63.0  1.02  1.02  1.8  0.68  0.0  0.68  0  0.68  0  0.68  0  0.68  0  0.68  0  0.68  0  0.68  0  0.68  0  0.68  0  0.68  0  0.68  0  0.68  0  0.68  0  0.68  0  0.68  0  0.68  0 //
91520 63.0  1.02  1.02  1.8  0.68  0.0  0.68  0  0.68  0  0.68  0  0.68  0  0.68  0  0.68  0  0.68  0  0.68  0  0.68  0  0.68  0  0.68  0  0.68  0  0.68  0  0.68  0  0.68  0  0.68  0 //
93600 63.0  1.02  1.02  1.8  0.69  0.0  0.69  0  0.69  0  0.69  0  0.69  0  0.69  0  0.69  0  0.69  0  0.69  0  0.69  0  0.69  0  0.69  0  0.69  0  0.69  0  0.69  0  0.69  0  0.69  0 //
95680 63.0  1.02  1.02  1.8  0.69  0.0  0.69  0  0.69  0  0.69  0  0.69  0  0.69  0  0.69  0  0.69  0  0.69  0  0.69  0  0.69  0  0.69  0  0.69  0  0.69  0  0.69  0  0.69  0  0.69  0 //
97760 63.0  1.02  1.02  1.8  0.70  0.0  0.70  0  0.70  0  0.70  0  0.70  0  0.70  0  0.70  0  0.70  0  0.70  0  0.70  0  0.70  0  0.70  0  0.70  0  0.70  0  0.70  0  0.70  0  0.70  0 //
99840 63.0  1.02  1.02  1.8  0.70  0.0  0.70  0  0.70  0  0.70  0  0.70  0  0.70  0  0.70  0  0.70  0  0.70  0  0.70  0  0.70  0  0.70  0  0.70  0  0.70  0  0.70  0  0.70  0  0.70  0 //
101920 63.0  1.02  1.02  1.8  0.70  0.0  0.70  0  0.70  0  0.70  0  0.70  0  0.70  0  0.70  0  0.70  0  0.70  0  0.70  0  0.70  0  0.70  0  0.70  0  0.70  0  0.70  0  0.70  0  0.70  0 //
104000 63.0  1.02  1.02  1.8  0.71  0.0  0.71  0  0.71  0  0.71  0  0.71  0  0.71  0  0.71  0  0.71  0  0.71  0  0.71  0  0.71  0  0.71  0  0.71  0  0.71  0  0.71  0  0.71  0  0.71  0 //
106080 63.0  1.02  1.02  1.8  0.71  0.0  0.71  0  0.71  0  0.71  0  0.71  0  0.71  0  0.71  0  0.71  0  0.71  0  0.71  0  0.71  0  0.71  0  0.71  0  0.71  0  0.71  0  0.71  0  0.71  0 //
108160 63.0  1.02  1.02  1.8  0.72  0.0  0.72  0  0.72  0  0.72  0  0.72  0  0.72  0  0.72  0  0.72  0  0.72  0  0.72  0  0.72  0  0.72  0  0.72  0  0.72  0  0.72  0  0.72  0  0.72  0 //
110240 63.0  1.02  1.02  1.8  0.72  0.0  0.72  0  0.72  0  0.72  0  0.72  0  0.72  0  0.72  0  0.72  0  0.72  0  0.72  0  0.72  0  0.72  0  0.72  0  0.72  0  0.72  0  0.72  0  0.72  0 //
112320 63.0  1.02  1.02  1.8  0.72  0.0  0.72  0  0.72  0  0.72  0  0.72  0  0.72  0  0.72  0  0.72  0  0.72  0  0.72  0  0.72  0  0.72  0  0.72  0  0.72  0  0.72  0  0.72  0  0.72  0 //
114400 63.0  1.02  1.02  1.8  0.73  0.0  0.73  0  0.73  0  0.73  0  0.73  0  0.73  0  0.73  0  0.73  0  0.73  0  0.73  0  0.73  0  0.73  0  0.73  0  0.73  0  0.73  0  0.73  0  0.73  0 //
116480 63.0  1.02  1.02  1.8  0.73  0.0  0.73  0  0.73  0  0.73  0  0.73  0  0.73  0  0.73  0  0.73  0  0.73  0  0.73  0  0.73  0  0.73  0  0.73  0  0.73  0  0.73  0  0.73  0  0.73  0 //
118560 63.0  1.02  1.02  1.8  0.74  0.0  0.74  0  0.74  0  0.74  0  0.74  0  0.74  0  0.74  0  0.74  0  0.74  0  0.74  0  0.74  0  0.74  0  0.74  0  0.74  0  0.74  0  0.74  0  0.74  0 //
120640 63.0  1.02  1.02  1.8  0.74  0.0  0.74  0  0.74  0  0.74  0  0.74  0  0.74  0  0.74  0  0.74  0  0.74  0  0.74  0  0.74  0  0.74  0  0.74  0  0.74  0  0.74  0  0.74  0  0.74  0 //
122720 63.0  1.02  1.02  1.8  0.75  0.0  0.75  0  0.75  0  0.75  0  0.75  0  0.75  0  0.75  0  0.75  0  0.75  0  0.75  0  0.75  0  0.75  0  0.75  0  0.75  0  0.75  0  0.75  0  0.75  0 //
124800 63.0  1.02  1.02  1.8  0.75  0.0  0.75  0  0.75  0  0.75  0  0.75  0  0.75  0  0.75  0  0.75  0  0.75  0  0.75  0  0.75  0  0.75  0  0.75  0  0.75  0  0.75  0  0.75  0  0.75  0 //
126880 63.0  1.02  1.02  1.8  0.75  0.0  0.75  0  0.75  0  0.75  0  0.75  0  0.75  0  0.75  0  0.75  0  0.75  0  0.75  0  0.75  0  0.75  0  0.75  0  0.75  0  0.75  0  0.75  0  0.75  0 //
128960 63.0  1.02  1.02  1.8  0.76  0.0  0.76  0  0.76  0  0.76  0  0.76  0  0.76  0  0.76  0  0.76  0  0.76  0  0.76  0  0.76  0  0.76  0  0.76  0  0.76  0  0.76  0  0.76  0  0.76  0 //
131040 63.0  1.02  1.02  1.8  0.76  0.0  0.76  0  0.76  0  0.76  0  0.76  0  0.76  0  0.76  0  0.76  0  0.76  0  0.76  0  0.76  0  0.76  0  0.76  0  0.76  0  0.76  0  0.76  0  0.76  0 //
133120 63.0  1.02  1.02  1.8  0.77  0.0  0.77  0  0.77  0  0.77  0  0.77  0  0.77  0  0.77  0  0.77  0  0.77  0  0.77  0  0.77  0  0.77  0  0.77  0  0.77  0  0.77  0  0.77  0  0.77  0 //
135200 63.0  1.02  1.02  1.8  0.77  0.0  0.77  0  0.77  0  0.77  0  0.77  0  0.77  0  0.77  0  0.77  0  0.77  0  0.77  0  0.77  0  0.77  0  0.77  0  0.77  0  0.77  0  0.77  0  0.77  0 //
137280 63.0  1.02  1.02  1.8  0.77  0.0  0.77  0  0.77  0  0.77  0  0.77  0  0.77  0  0.77  0  0.77  0  0.77  0  0.77  0  0.77  0  0.77  0  0.77  0  0.77  0  0.77  0  0.77  0  0.77  0 //
139360 63.0  1.02  1.02  1.8  0.78  0.0  0.78  0  0.78  0  0.78  0  0.78  0  0.78  0  0.78  0  0.78  0  0.78  0  0.78  0  0.78  0  0.78  0  0.78  0  0.78  0  0.78  0  0.78  0  0.78  0 //
141440 63.0  1.02  1.02  1.8  0.78  0.0  0.78  0  0.78  0  0.78  0  0.78  0  0.78  0  0.78  0  0.78  0  0.78  0  0.78  0  0.78  0  0.78  0  0.78  0  0.78  0  0.78  0  0.78  0  0.78  0 //
143520 63.0  1.02  1.02  1.8  0.79  0.0  0.79  0  0.79  0  0.79  0  0.79  0  0.79  0  0.79  0  0.79  0  0.79  0  0.79  0  0.79  0  0.79  0  0.79  0  0.79  0  0.79  0  0.79  0  0.79  0 //
145600 63.0  1.02  1.02  1.8  0.79  0.0  0.79  0  0.79  0  0.79  0  0.79  0  0.79  0  0.79  0  0.79  0  0.79  0  0.79  0  0.79  0  0.79  0  0.79  0  0.79  0  0.79  0  0.79  0  0.79  0 //
147680 63.0  1.02  1.02  1.8  0.80  0.0  0.80  0  0.80  0  0.80  0  0.80  0  0.80  0  0.80  0  0.80  0  0.80  0  0.80  0  0.80  0  0.80  0  0.80  0  0.80  0  0.80  0  0.80  0  0.80  0 //
149760 63.0  1.02  1.02  1.8  0.80  0.0  0.80  0  0.80  0  0.80  0  0.80  0  0.80  0  0.80  0  0.80  0  0.80  0  0.80  0  0.80  0  0.80  0  0.80  0  0.80  0  0.80  0  0.80  0  0.80  0 //
151840 63.0  1.02  1.02  1.8  0.80  0.0  0.80  0  0.80  0  0.80  0  0.80  0  0.80  0  0.80  0  0.80  0  0.80  0  0.80  0  0.80  0  0.80  0  0.80  0  0.80  0  0.80  0  0.80  0  0.80  0 //
153920 63.0  1.02  1.02  1.8  0.81  0.0  0.81  0  0.81  0  0.81  0  0.81  0  0.81  0  0.81  0  0.81  0  0.81  0  0.81  0  0.81  0  0.81  0  0.81  0  0.81  0  0.81  0  0.81  0  0.81  0 //
156000 63.0  1.02  1.02  1.8  0.81  0.0  0.81  0  0.81  0  0.81  0  0.81  0  0.81  0  0.81  0  0.81  0  0.81  0  0.81  0  0.81  0  0.81  0  0.81  0  0.81  0  0.81  0  0.81  0  0.81  0 //
158080 63.0  1.02  1.02  1.8  0.82  0.0  0.82  0  0.82  0  0.82  0  0.82  0  0.82  0  0.82  0  0.82  0  0.82  0  0.82  0  0.82  0  0.82  0  0.82  0  0.82  0  0.82  0  0.82  0  0.82  0 //
160160 63.0  1.02  1.02  1.8  0.82  0.0  0.82  0  0.82  0  0.82  0  0.82  0  0.82  0  0.82  0  0.82  0  0.82  0  0.82  0  0.82  0  0.82  0  0.82  0  0.82  0  0.82  0  0.82  0  0.82  0 //
162240 63.0  1.02  1.02  1.8  0.82  0.0  0.82  0  0.82  0  0.82  0  0.82  0  0.82  0  0.82  0  0.82  0  0.82  0  0.82  0  0.82  0  0.82  0  0.82  0  0.82  0  0.82  0  0.82  0  0.82  0 //
164320 63.0  1.02  1.02  1.8  0.83  0.0  0.83  0  0.83  0  0.83  0  0.83  0  0.83  0  0.83  0  0.83  0  0.83  0  0.83  0  0.83  0  0.83  0  0.83  0  0.83  0  0.83  0  0.83  0  0.83  0 //
166400 63.0  1.02  1.02  1.8  0.83  0.0  0.83  0  0.83  0  0.83  0  0.83  0  0.83  0  0.83  0  0.83  0  0.83  0  0.83  0  0.83  0  0.83  0  0.83  0  0.83  0  0.83  0  0.83  0  0.83  0 //
168480 63.0  1.02  1.02  1.8  0.84  0.0  0.84  0  0.84  0  0.84  0  0.84  0  0.84  0  0.84  0  0.84  0  0.84  0  0.84  0  0.84  0  0.84  0  0.84  0  0.84  0  0.84  0  0.84  0  0.84  0 //
170560 63.0  1.02  1.02  1.8  0.84  0.0  0.84  0  0.84  0  0.84  0  0.84  0  0.84  0  0.84  0  0.84  0  0.84  0  0.84  0  0.84  0  0.84  0  0.84  0  0.84  0  0.84  0  0.84  0  0.84  0 //
172640 63.0  1.02  1.02  1.8  0.85  0.0  0.85  0  0.85  0  0.85  0  0.85  0  0.85  0  0.85  0  0.85  0  0.85  0  0.85  0  0.85  0  0.85  0  0.85  0  0.85  0  0.85  0  0.85  0  0.85  0 //
174720 63.0  1.02  1.02  1.8  0.85  0.0  0.85  0  0.85  0  0.85  0  0.85  0  0.85  0  0.85  0  0.85  0  0.85  0  0.85  0  0.85  0  0.85  0  0.85  0  0.85  0  0.85  0  0.85  0  0.85  0 //
176800 63.0  1.02  1.02  1.8  0.85  0.0  0.85  0  0.85  0  0.85  0  0.85  0  0.85  0  0.85  0  0.85  0  0.85  0  0.85  0  0.85  0  0.85  0  0.85  0  0.85  0  0.85  0  0.85  0  0.85  0 //
178880 63.0  1.02  1.02  1.8  0.86  0.0  0.86  0  0.86  0  0.86  0  0.86  0  0.86  0  0.86  0  0.86  0  0.86  0  0.86  0  0.86  0  0.86  0  0.86  0  0.86  0  0.86  0  0.86  0  0.86  0 //
180960 63.0  1.02  1.02  1.8  0.86  0.0  0.86  0  0.86  0  0.86  0  0.86  0  0.86  0  0.86  0  0.86  0  0.86  0  0.86  0  0.86  0  0.86  0  0.86  0  0.86  0  0.86  0  0.86  0  0.86  0 //
183040 63.0  1.02  1.02  1.8  0.87  0.0  0.87  0  0.87  0  0.87  0  0.87  0  0.87  0  0.87  0  0.87  0  0.87  0  0.87  0  0.87  0  0.87  0  0.87  0  0.87  0  0.87  0  0.87  0  0.87  0 //
185120 63.0  1.02  1.02  1.8  0.87  0.0  0.87  0  0.87  0  0.87  0  0.87  0  0.87  0  0.87  0  0.87  0  0.87  0  0.87  0  0.87  0  0.87  0  0.87  0  0.87  0  0.87  0  0.87  0  0.87  0 //
187200 63.0  1.02  1.02  1.8  0.87  0.0  0.87  0  0.87  0  0.87  0  0.87  0  0.87  0  0.87  0  0.87  0  0.87  0  0.87  0  0.87  0  0.87  0  0.87  0  0.87  0  0.87  0  0.87  0  0.87  0 //
189280 63.0  1.02  1.02  1.8  0.88  0.0  0.88  0  0.88  0  0.88  0  0.88  0  0.88  0  0.88  0  0.88  0  0.88  0  0.88  0  0.88  0  0.88  0  0.88  0  0.88  0  0.88  0  0.88  0  0.88  0 //
191360 63.0  1.02  1.02  1.8  0.88  0.0  0.88  0  0.88  0  0.88  0  0.88  0  0.88  0  0.88  0  0.88  0  0.88  0  0.88  0  0.88  0  0.88  0  0.88  0  0.88  0  0.88  0  0.88  0  0.88  0 //
193440 63.0  1.02  1.02  1.8  0.89  0.0  0.89  0  0.89  0  0.89  0  0.89  0  0.89  0  0.89  0  0.89  0  0.89  0  0.89  0  0.89  0  0.89  0  0.89  0  0.89  0  0.89  0  0.89  0  0.89  0 //
195520 63.0  1.02  1.02  1.8  0.89  0.0  0.89  0  0.89  0  0.89  0  0.89  0  0.89  0  0.89  0  0.89  0  0.89  0  0.89  0  0.89  0  0.89  0  0.89  0  0.89  0  0.89  0  0.89  0  0.89  0 //
197600 63.0  1.02  1.02  1.8  0.90  0.0  0.90  0  0.90  0  0.90  0  0.90  0  0.90  0  0.90  0  0.90  0  0.90  0  0.90  0  0.90  0  0.90  0  0.90  0  0.90  0  0.90  0  0.90  0  0.90  0 //
199680 63.0  1.02  1.02  1.8  0.90  0.0  0.90  0  0.90  0  0.90  0  0.90  0  0.90  0  0.90  0  0.90  0  0.90  0  0.90  0  0.90  0  0.90  0  0.90  0  0.90  0  0.90  0  0.90  0  0.90  0 //
201760 63.0  1.02  1.02  1.8  0.90  0.0  0.90  0  0.90  0  0.90  0  0.90  0  0.90  0  0.90  0  0.90  0  0.90  0  0.90  0  0.90  0  0.90  0  0.90  0  0.90  0  0.90  0  0.90  0  0.90  0 //
203840 63.0  1.02  1.02  1.8  0.91  0.0  0.91  0  0.91  0  0.91  0  0.91  0  0.91  0  0.91  0  0.91  0  0.91  0  0.91  0  0.91  0  0.91  0  0.91  0  0.91  0  0.91  0  0.91  0  0.91  0 //
205920 63.0  1.02  1.02  1.8  0.91  0.0  0.91  0  0.91  0  0.91  0  0.91  0  0.91  0  0.91  0  0.91  0  0.91  0  0.91  0  0.91  0  0.91  0  0.91  0  0.91  0  0.91  0  0.91  0  0.91  0 //
208000 63.0  1.02  1.02  1.8  0.92  0.0  0.92  0  0.92  0  0.92  0  0.92  0  0.92  0  0.92  0  0.92  0  0.92  0  0.92  0  0.92  0  0.92  0  0.92  0  0.92  0  0.92  0  0.92  0  0.92  0 //
210080 63.0  1.02  1.02  1.8  0.92  0.0  0.92  0  0.92  0  0.92  0  0.92  0  0.92  0  0.92  0  0.92  0  0.92  0  0.92  0  0.92  0  0.92  0  0.92  0  0.92  0  0.92  0  0.92  0  0.92  0 //
212160 63.0  1.02  1.02  1.8  0.92  0.0  0.92  0  0.92  0  0.92  0  0.92  0  0.92  0  0.92  0  0.92  0  0.92  0  0.92  0  0.92  0  0.92  0  0.92  0  0.92  0  0.92  0  0.92  0  0.92  0 //
214240 63.0  1.02  1.02  1.8  0.93  0.0  0.93  0  0.93  0  0.93  0  0.93  0  0.93  0  0.93  0  0.93  0  0.93  0  0.93  0  0.93  0  0.93  0  0.93  0  0.93  0  0.93  0  0.93  0  0.93  0 //
216320 63.0  1.02  1.02  1.8  0.93  0.0  0.93  0  0.93  0  0.93  0  0.93  0  0.93  0  0.93  0  0.93  0  0.93  0  0.93  0  0.93  0  0.93  0  0.93  0  0.93  0  0.93  0  0.93  0  0.93  0 //
218400 63.0  1.02  1.02  1.8  0.94  0.0  0.94  0  0.94  0  0.94  0  0.94  0  0.94  0  0.94  0  0.94  0  0.94  0  0.94  0  0.94  0  0.94  0  0.94  0  0.94  0  0.94  0  0.94  0  0.94  0 //
220480 63.0  1.02  1.02  1.8  0.94  0.0  0.94  0  0.94  0  0.94  0  0.94  0  0.94  0  0.94  0  0.94  0  0.94  0  0.94  0  0.94  0  0.94  0  0.94  0  0.94  0  0.94  0  0.94  0  0.94  0 //
222560 63.0  1.02  1.02  1.8  0.95  0.0  0.95  0  0.95  0  0.95  0  0.95  0  0.95  0  0.95  0  0.95  0  0.95  0  0.95  0  0.95  0  0.95  0  0.95  0  0.95  0  0.95  0  0.95  0  0.95  0 //
224640 63.0  1.02  1.02  1.8  0.95  0.0  0.95  0  0.95  0  0.95  0  0.95  0  0.95  0  0.95  0  0.95  0  0.95  0  0.95  0  0.95  0  0.95  0  0.95  0  0.95  0  0.95  0  0.95  0  0.95  0 //
226720 63.0  1.02  1.02  1.8  0.95  0.0  0.95  0  0.95  0  0.95  0  0.95  0  0.95  0  0.95  0  0.95  0  0.95  0  0.95  0  0.95  0  0.95  0  0.95  0  0.95  0  0.95  0  0.95  0  0.95  0 //
228800 63.0  1.02  1.02  1.8  0.96  0.0  0.96  0  0.96  0  0.96  0  0.96  0  0.96  0  0.96  0  0.96  0  0.96  0  0.96  0  0.96  0  0.96  0  0.96  0  0.96  0  0.96  0  0.96  0  0.96  0 //
230880 63.0  1.02  1.02  1.8  0.96  0.0  0.96  0  0.96  0  0.96  0  0.96  0  0.96  0  0.96  0  0.96  0  0.96  0  0.96  0  0.96  0  0.96  0  0.96  0  0.96  0  0.96  0  0.96  0  0.96  0 //
232960 63.0  1.02  1.02  1.8  0.97  0.0  0.97  0  0.97  0  0.97  0  0.97  0  0.97  0  0.97  0  0.97  0  0.97  0  0.97  0  0.97  0  0.97  0  0.97  0  0.97  0  0.97  0  0.97  0  0.97  0 //
235040 63.0  1.02  1.02  1.8  0.97  0.0  0.97  0  0.97  0  0.97  0  0.97  0  0.97  0  0.97  0  0.97  0  0.97  0  0.97  0  0.97  0  0.97  0  0.97  0  0.97  0  0.97  0  0.97  0  0.97  0 //
237120 63.0  1.02  1.02  1.8  0.97  0.0  0.97  0  0.97  0  0.97  0  0.97  0  0.97  0  0.97  0  0.97  0  0.97  0  0.97  0  0.97  0  0.97  0  0.97  0  0.97  0  0.97  0  0.97  0  0.97  0 //
239200 63.0  1.02  1.02  1.8  0.98  0.0  0.98  0  0.98  0  0.98  0  0.98  0  0.98  0  0.98  0  0.98  0  0.98  0  0.98  0  0.98  0  0.98  0  0.98  0  0.98  0  0.98  0  0.98  0  0.98  0 //
241280 63.0  1.02  1.02  1.8  0.98  0.0  0.98  0  0.98  0  0.98  0  0.98  0  0.98  0  0.98  0  0.98  0  0.98  0  0.98  0  0.98  0  0.98  0  0.98  0  0.98  0  0.98  0  0.98  0  0.98  0 //
243360 63.0  1.02  1.02  1.8  0.99  0.0  0.99  0  0.99  0  0.99  0  0.99  0  0.99  0  0.99  0  0.99  0  0.99  0  0.99  0  0.99  0  0.99  0  0.99  0  0.99  0  0.99  0  0.99  0  0.99  0 //
245440 63.0  1.02  1.02  1.8  0.99  0.0  0.99  0  0.99  0  0.99  0  0.99  0  0.99  0  0.99  0  0.99  0  0.99  0  0.99  0  0.99  0  0.99  0  0.99  0  0.99  0  0.99  0  0.99  0  0.99  0 //
247520 63.0  1.02  1.02  1.8  1.00  0.0  1.00  0  1.00  0  1.00  0  1.00  0  1.00  0  1.00  0  1.00  0  1.00  0  1.00  0  1.00  0  1.00  0  1.00  0  1.00  0  1.00  0  1.00  0  1.00  0 //
249600 63.0  1.02  1.02  1.8  1.00  0.0  1.00  0  1.00  0  1.00  0  1.00  0  1.00  0  1.00  0  1.00  0  1.00  0  1.00  0  1.00  0  1.00  0  1.00  0  1.00  0  1.00  0  1.00  0  1.00  0 //
251680 63.0  1.02  1.02  1.8  1.00  0.0  1.00  0  1.00  0  1.00  0  1.00  0  1.00  0  1.00  0  1.00  0  1.00  0  1.00  0  1.00  0  1.00  0  1.00  0  1.00  0  1.00  0  1.00  0  1.00  0 //
253760 63.0  1.02  1.02  1.8  0.99  0.0  0.99  0  0.99  0  0.99  0  0.99  0  0.99  0  0.99  0  0.99  0  0.99  0  0.99  0  0.99  0  0.99  0  0.99  0  0.99  0  0.99  0  0.99  0  0.99  0 //
255840 63.0  1.02  1.02  1.8  0.99  0.0  0.99  0  0.99  0  0.99  0  0.99  0  0.99  0  0.99  0  0.99  0  0.99  0  0.99  0  0.99  0  0.99  0  0.99  0  0.99  0  0.99  0  0.99  0  0.99  0 //
257920 63.0  1.02  1.02  1.8  0.98  0.0  0.98  0  0.98  0  0.98  0  0.98  0  0.98  0  0.98  0  0.98  0  0.98  0  0.98  0  0.98  0  0.98  0  0.98  0  0.98  0  0.98  0  0.98  0  0.98  0 //
260000 63.0  1.02  1.02  1.8  0.98  0.0  0.98  0  0.98  0  0.98  0  0.98  0  0.98  0  0.98  0  0.98  0  0.98  0  0.98  0  0.98  0  0.98  0  0.98  0  0.98  0  0.98  0  0.98  0  0.98  0 //
262080 63.0  1.02  1.02  1.8  0.98  0.0  0.98  0  0.98  0  0.98  0  0.98  0  0.98  0  0.98  0  0.98  0  0.98  0  0.98  0  0.98  0  0.98  0  0.98  0  0.98  0  0.98  0  0.98  0  0.98  0 //
264160 63.0  1.02  1.02  1.8  0.97  0.0  0.97  0  0.97  0  0.97  0  0.97  0  0.97  0  0.97  0  0.97  0  0.97  0  0.97  0  0.97  0  0.97  0  0.97  0  0.97  0  0.97  0  0.97  0  0.97  0 //
266240 63.0  1.02  1.02  1.8  0.97  0.0  0.97  0  0.97  0  0.97  0  0.97  0  0.97  0  0.97  0  0.97  0  0.97  0  0.97  0  0.97  0  0.97  0  0.97  0  0.97  0  0.97  0  0.97  0  0.97  0 //
268320 63.0  1.02  1.02  1.8  0.96  0.0  0.96  0  0.96  0  0.96  0  0.96  0  0.96  0  0.96  0  0.96  0  0.96  0  0.96  0  0.96  0  0.96  0  0.96  0  0.96  0  0.96  0  0.96  0  0.96  0 //
270400 63.0  1.02  1.02  1.8  0.96  0.0  0.96  0  0.96  0  0.96  0  0.96  0  0.96  0  0.96  0  0.96  0  0.96  0  0.96  0  0.96  0  0.96  0  0.96  0  0.96  0  0.96  0  0.96  0  0.96  0 //
272480 63.0  1.02  1.02  1.8  0.96  0.0  0.96  0  0.96  0  0.96  0  0.96  0  0.96  0  0.96  0  0.96  0  0.96  0  0.96  0  0.96  0  0.96  0  0.96  0  0.96  0  0.96  0  0.96  0  0.96  0 //
274560 63.0  1.02  1.02  1.8  0.95  0.0  0.95  0  0.95  0  0.95  0  0.95  0  0.95  0  0.95  0  0.95  0  0.95  0  0.95  0  0.95  0  0.95  0  0.95  0  0.95  0  0.95  0  0.95  0  0.95  0 //
276640 63.0  1.02  1.02  1.8  0.95  0.0  0.95  0  0.95  0  0.95  0  0.95  0  0.95  0  0.95  0  0.95  0  0.95  0  0.95  0  0.95  0  0.95  0  0.95  0  0.95  0  0.95  0  0.95  0  0.95  0 //
278720 63.0  1.02  1.02  1.8  0.94  0.0  0.94  0  0.94  0  0.94  0  0.94  0  0.94  0  0.94  0  0.94  0  0.94  0  0.94  0  0.94  0  0.94  0  0.94  0  0.94  0  0.94  0  0.94  0  0.94  0 //
280800 63.0  1.02  1.02  1.8  0.94  0.0  0.94  0  0.94  0  0.94  0  0.94  0  0.94  0  0.94  0  0.94  0  0.94  0  0.94  0  0.94  0  0.94  0  0.94  0  0.94  0  0.94  0  0.94  0  0.94  0 //
282880 63.0  1.02  1.02  1.8  0.93  0.0  0.93  0  0.93  0  0.93  0  0.93  0  0.93  0  0.93  0  0.93  0  0.93  0  0.93  0  0.93  0  0.93  0  0.93  0  0.93  0  0.93  0  0.93  0  0.93  0 //
284960 63.0  1.02  1.02  1.8  0.93  0.0  0.93  0  0.93  0  0.93  0  0.93  0  0.93  0  0.93  0  0.93  0  0.93  0  0.93  0  0.93  0  0.93  0  0.93  0  0.93  0  0.93  0  0.93  0  0.93  0 //
287040 63.0  1.02  1.02  1.8  0.93  0.0  0.93  0  0.93  0  0.93  0  0.93  0  0.93  0  0.93  0  0.93  0  0.93  0  0.93  0  0.93  0  0.93  0  0.93  0  0.93  0  0.93  0  0.93  0  0.93  0 //
289120 63.0  1.02  1.02  1.8  0.92  0.0  0.92  0  0.92  0  0.92  0  0.92  0  0.92  0  0.92  0  0.92  0  0.92  0  0.92  0  0.92  0  0.92  0  0.92  0  0.92  0  0.92  0  0.92  0  0.92  0 //
291200 63.0  1.02  1.02  1.8  0.92  0.0  0.92  0  0.92  0  0.92  0  0.92  0  0.92  0  0.92  0  0.92  0  0.92  0  0.92  0  0.92  0  0.92  0  0.92  0  0.92  0  0.92  0  0.92  0  0.92  0 //
293280 63.0  1.02  1.02  1.8  0.91  0.0  0.91  0  0.91  0  0.91  0  0.91  0  0.91  0  0.91  0  0.91  0  0.91  0  0.91  0  0.91  0  0.91  0  0.91  0  0.91  0  0.91  0  0.91  0  0.91  0 //
295360 63.0  1.02  1.02  1.8  0.91  0.0  0.91  0  0.91  0  0.91  0  0.91  0  0.91  0  0.91  0  0.91  0  0.91  0  0.91  0  0.91  0  0.91  0  0.91  0  0.91  0  0.91  0  0.91  0  0.91  0 //
297440 63.0  1.02  1.02  1.8  0.91  0.0  0.91  0  0.91  0  0.91  0  0.91  0  0.91  0  0.91  0  0.91  0  0.91  0  0.91  0  0.91  0  0.91  0  0.91  0  0.91  0  0.91  0  0.91  0  0.91  0 //
299520 63.0  1.02  1.02  1.8  0.90  0.0  0.90  0  0.90  0  0.90  0  0.90  0  0.90  0  0.90  0  0.90  0  0.90  0  0.90  0  0.90  0  0.90  0  0.90  0  0.90  0  0.90  0  0.90  0  0.90  0 //
301600 63.0  1.02  1.02  1.8  0.90  0.0  0.90  0  0.90  0  0.90  0  0.90  0  0.90  0  0.90  0  0.90  0  0.90  0  0.90  0  0.90  0  0.90  0  0.90  0  0.90  0  0.90  0  0.90  0  0.90  0 //
303680 63.0  1.02  1.02  1.8  0.89  0.0  0.89  0  0.89  0  0.89  0  0.89  0  0.89  0  0.89  0  0.89  0  0.89  0  0.89  0  0.89  0  0.89  0  0.89  0  0.89  0  0.89  0  0.89  0  0.89  0 //
305760 63.0  1.02  1.02  1.8  0.89  0.0  0.89  0  0.89  0  0.89  0  0.89  0  0.89  0  0.89  0  0.89  0  0.89  0  0.89  0  0.89  0  0.89  0  0.89  0  0.89  0  0.89  0  0.89  0  0.89  0 //
307840 63.0  1.02  1.02  1.8  0.88  0.0  0.88  0  0.88  0  0.88  0  0.88  0  0.88  0  0.88  0  0.88  0  0.88  0  0.88  0  0.88  0  0.88  0  0.88  0  0.88  0  0.88  0  0.88  0  0.88  0 //
309920 63.0  1.02  1.02  1.8  0.88  0.0  0.88  0  0.88  0  0.88  0  0.88  0  0.88  0  0.88  0  0.88  0  0.88  0  0.88  0  0.88  0  0.88  0  0.88  0  0.88  0  0.88  0  0.88  0  0.88  0 //
312000 63.0  1.02  1.02  1.8  0.88  0.0  0.88  0  0.88  0  0.88  0  0.88  0  0.88  0  0.88  0  0.88  0  0.88  0  0.88  0  0.88  0  0.88  0  0.88  0  0.88  0  0.88  0  0.88  0  0.88  0 //
314080 63.0  1.02  1.02  1.8  0.87  0.0  0.87  0  0.87  0  0.87  0  0.87  0  0.87  0  0.87  0  0.87  0  0.87  0  0.87  0  0.87  0  0.87  0  0.87  0  0.87  0  0.87  0  0.87  0  0.87  0 //
316160 63.0  1.02  1.02  1.8  0.87  0.0  0.87  0  0.87  0  0.87  0  0.87  0  0.87  0  0.87  0  0.87  0  0.87  0  0.87  0  0.87  0  0.87  0  0.87  0  0.87  0  0.87  0  0.87  0  0.87  0 //
318240 63.0  1.02  1.02  1.8  0.86  0.0  0.86  0  0.86  0  0.86  0  0.86  0  0.86  0  0.86  0  0.86  0  0.86  0  0.86  0  0.86  0  0.86  0  0.86  0  0.86  0  0.86  0  0.86  0  0.86  0 //
320320 63.0  1.02  1.02  1.8  0.86  0.0  0.86  0  0.86  0  0.86  0  0.86  0  0.86  0  0.86  0  0.86  0  0.86  0  0.86  0  0.86  0  0.86  0  0.86  0  0.86  0  0.86  0  0.86  0  0.86  0 //
322400 63.0  1.02  1.02  1.8  0.86  0.0  0.86  0  0.86  0  0.86  0  0.86  0  0.86  0  0.86  0  0.86  0  0.86  0  0.86  0  0.86  0  0.86  0  0.86  0  0.86  0  0.86  0  0.86  0  0.86  0 //
324480 63.0  1.02  1.02  1.8  0.85  0.0  0.85  0  0.85  0  0.85  0  0.85  0  0.85  0  0.85  0  0.85  0  0.85  0  0.85  0  0.85  0  0.85  0  0.85  0  0.85  0  0.85  0  0.85  0  0.85  0 //
326560 63.0  1.02  1.02  1.8  0.85  0.0  0.85  0  0.85  0  0.85  0  0.85  0  0.85  0  0.85  0  0.85  0  0.85  0  0.85  0  0.85  0  0.85  0  0.85  0  0.85  0  0.85  0  0.85  0  0.85  0 //
328640 63.0  1.02  1.02  1.8  0.84  0.0  0.84  0  0.84  0  0.84  0  0.84  0  0.84  0  0.84  0  0.84  0  0.84  0  0.84  0  0.84  0  0.84  0  0.84  0  0.84  0  0.84  0  0.84  0  0.84  0 //
330720 63.0  1.02  1.02  1.8  0.84  0.0  0.84  0  0.84  0  0.84  0  0.84  0  0.84  0  0.84  0  0.84  0  0.84  0  0.84  0  0.84  0  0.84  0  0.84  0  0.84  0  0.84  0  0.84  0  0.84  0 //
332800 63.0  1.02  1.02  1.8  0.83  0.0  0.83  0  0.83  0  0.83  0  0.83  0  0.83  0  0.83  0  0.83  0  0.83  0  0.83  0  0.83  0  0.83  0  0.83  0  0.83  0  0.83  0  0.83  0  0.83  0 //
334880 63.0  1.02  1.02  1.8  0.83  0.0  0.83  0  0.83  0  0.83  0  0.83  0  0.83  0  0.83  0  0.83  0  0.83  0  0.83  0  0.83  0  0.83  0  0.83  0  0.83  0  0.83  0  0.83  0  0.83  0 //
336960 63.0  1.02  1.02  1.8  0.83  0.0  0.83  0  0.83  0  0.83  0  0.83  0  0.83  0  0.83  0  0.83  0  0.83  0  0.83  0  0.83  0  0.83  0  0.83  0  0.83  0  0.83  0  0.83  0  0.83  0 //
339040 63.0  1.02  1.02  1.8  0.82  0.0  0.82  0  0.82  0  0.82  0  0.82  0  0.82  0  0.82  0  0.82  0  0.82  0  0.82  0  0.82  0  0.82  0  0.82  0  0.82  0  0.82  0  0.82  0  0.82  0 //
341120 63.0  1.02  1.02  1.8  0.82  0.0  0.82  0  0.82  0  0.82  0  0.82  0  0.82  0  0.82  0  0.82  0  0.82  0  0.82  0  0.82  0  0.82  0  0.82  0  0.82  0  0.82  0  0.82  0  0.82  0 //
343200 63.0  1.02  1.02  1.8  0.81  0.0  0.81  0  0.81  0  0.81  0  0.81  0  0.81  0  0.81  0  0.81  0  0.81  0  0.81  0  0.81  0  0.81  0  0.81  0  0.81  0  0.81  0  0.81  0  0.81  0 //
345280 63.0  1.02  1.02  1.8  0.81  0.0  0.81  0  0.81  0  0.81  0  0.81  0  0.81  0  0.81  0  0.81  0  0.81  0  0.81  0  0.81  0  0.81  0  0.81  0  0.81  0  0.81  0  0.81  0  0.81  0 //
347360 63.0  1.02  1.02  1.8  0.81  0.0  0.81  0  0.81  0  0.81  0  0.81  0  0.81  0  0.81  0  0.81  0  0.81  0  0.81  0  0.81  0  0.81  0  0.81  0  0.81  0  0.81  0  0.81  0  0.81  0 //
349440 63.0  1.02  1.02  1.8  0.80  0.0  0.80  0  0.80  0  0.80  0  0.80  0  0.80  0  0.80  0  0.80  0  0.80  0  0.80  0  0.80  0  0.80  0  0.80  0  0.80  0  0.80  0  0.80  0  0.80  0 //
351520 63.0  1.02  1.02  1.8  0.80  0.0  0.80  0  0.80  0  0.80  0  0.80  0  0.80  0  0.80  0  0.80  0  0.80  0  0.80  0  0.80  0  0.80  0  0.80  0  0.80  0  0.80  0  0.80  0  0.80  0 //
353600 63.0  1.02  1.02  1.8  0.79  0.0  0.79  0  0.79  0  0.79  0  0.79  0  0.79  0  0.79  0  0.79  0  0.79  0  0.79  0  0.79  0  0.79  0  0.79  0  0.79  0  0.79  0  0.79  0  0.79  0 //
355680 63.0  1.02  1.02  1.8  0.79  0.0  0.79  0  0.79  0  0.79  0  0.79  0  0.79  0  0.79  0  0.79  0  0.79  0  0.79  0  0.79  0  0.79  0  0.79  0  0.79  0  0.79  0  0.79  0  0.79  0 //
357760 63.0  1.02  1.02  1.8  0.78  0.0  0.78  0  0.78  0  0.78  0  0.78  0  0.78  0  0.78  0  0.78  0  0.78  0  0.78  0  0.78  0  0.78  0  0.78  0  0.78  0  0.78  0  0.78  0  0.78  0 //
359840 63.0  1.02  1.02  1.8  0.78  0.0  0.78  0  0.78  0  0.78  0  0.78  0  0.78  0  0.78  0  0.78  0  0.78  0  0.78  0  0.78  0  0.78  0  0.78  0  0.78  0  0.78  0  0.78  0  0.78  0 //
361920 63.0  1.02  1.02  1.8  0.78  0.0  0.78  0  0.78  0  0.78  0  0.78  0  0.78  0  0.78  0  0.78  0  0.78  0  0.78  0  0.78  0  0.78  0  0.78  0  0.78  0  0.78  0  0.78  0  0.78  0 //
364000 63.0  1.02  1.02  1.8  0.77  0.0  0.77  0  0.77  0  0.77  0  0.77  0  0.77  0  0.77  0  0.77  0  0.77  0  0.77  0  0.77  0  0.77  0  0.77  0  0.77  0  0.77  0  0.77  0  0.77  0 //
366080 63.0  1.02  1.02  1.8  0.77  0.0  0.77  0  0.77  0  0.77  0  0.77  0  0.77  0  0.77  0  0.77  0  0.77  0  0.77  0  0.77  0  0.77  0  0.77  0  0.77  0  0.77  0  0.77  0  0.77  0 //
368160 63.0  1.02  1.02  1.8  0.76  0.0  0.76  0  0.76  0  0.76  0  0.76  0  0.76  0  0.76  0  0.76  0  0.76  0  0.76  0  0.76  0  0.76  0  0.76  0  0.76  0  0.76  0  0.76  0  0.76  0 //
370240 63.0  1.02  1.02  1.8  0.76  0.0  0.76  0  0.76  0  0.76  0  0.76  0  0.76  0  0.76  0  0.76  0  0.76  0  0.76  0  0.76  0  0.76  0  0.76  0  0.76  0  0.76  0  0.76  0  0.76  0 //
372320 63.0  1.02  1.02  1.8  0.76  0.0  0.76  0  0.76  0  0.76  0  0.76  0  0.76  0  0.76  0  0.76  0  0.76  0  0.76  0  0.76  0  0.76  0  0.76  0  0.76  0  0.76  0  0.76  0  0.76  0 //
374400 63.0  1.02  1.02  1.8  0.75  0.0  0.75  0  0.75  0  0.75  0  0.75  0  0.75  0  0.75  0  0.75  0  0.75  0  0.75  0  0.75  0  0.75  0  0.75  0  0.75  0  0.75  0  0.75  0  0.75  0 //
376480 63.0  1.02  1.02  1.8  0.75  0.0  0.75  0  0.75  0  0.75  0  0.75  0  0.75  0  0.75  0  0.75  0  0.75  0  0.75  0  0.75  0  0.75  0  0.75  0  0.75  0  0.75  0  0.75  0  0.75  0 //
378560 63.0  1.02  1.02  1.8  0.74  0.0  0.74  0  0.74  0  0.74  0  0.74  0  0.74  0  0.74  0  0.74  0  0.74  0  0.74  0  0.74  0  0.74  0  0.74  0  0.74  0  0.74  0  0.74  0  0.74  0 //
380640 63.0  1.02  1.02  1.8  0.74  0.0  0.74  0  0.74  0  0.74  0  0.74  0  0.74  0  0.74  0  0.74  0  0.74  0  0.74  0  0.74  0  0.74  0  0.74  0  0.74  0  0.74  0  0.74  0  0.74  0 //
382720 63.0  1.02  1.02  1.8  0.73  0.0  0.73  0  0.73  0  0.73  0  0.73  0  0.73  0  0.73  0  0.73  0  0.73  0  0.73  0  0.73  0  0.73  0  0.73  0  0.73  0  0.73  0  0.73  0  0.73  0 //
384800 63.0  1.02  1.02  1.8  0.73  0.0  0.73  0  0.73  0  0.73  0  0.73  0  0.73  0  0.73  0  0.73  0  0.73  0  0.73  0  0.73  0  0.73  0  0.73  0  0.73  0  0.73  0  0.73  0  0.73  0 //
386880 63.0  1.02  1.02  1.8  0.73  0.0  0.73  0  0.73  0  0.73  0  0.73  0  0.73  0  0.73  0  0.73  0  0.73  0  0.73  0  0.73  0  0.73  0  0.73  0  0.73  0  0.73  0  0.73  0  0.73  0 //
388960 63.0  1.02  1.02  1.8  0.72  0.0  0.72  0  0.72  0  0.72  0  0.72  0  0.72  0  0.72  0  0.72  0  0.72  0  0.72  0  0.72  0  0.72  0  0.72  0  0.72  0  0.72  0  0.72  0  0.72  0 //
391040 63.0  1.02  1.02  1.8  0.72  0.0  0.72  0  0.72  0  0.72  0  0.72  0  0.72  0  0.72  0  0.72  0  0.72  0  0.72  0  0.72  0  0.72  0  0.72  0  0.72  0  0.72  0  0.72  0  0.72  0 //
393120 63.0  1.02  1.02  1.8  0.71  0.0  0.71  0  0.71  0  0.71  0  0.71  0  0.71  0  0.71  0  0.71  0  0.71  0  0.71  0  0.71  0  0.71  0  0.71  0  0.71  0  0.71  0  0.71  0  0.71  0 //
395200 63.0  1.02  1.02  1.8  0.71  0.0  0.71  0  0.71  0  0.71  0  0.71  0  0.71  0  0.71  0  0.71  0  0.71  0  0.71  0  0.71  0  0.71  0  0.71  0  0.71  0  0.71  0  0.71  0  0.71  0 //
397280 63.0  1.02  1.02  1.8  0.71  0.0  0.71  0  0.71  0  0.71  0  0.71  0  0.71  0  0.71  0  0.71  0  0.71  0  0.71  0  0.71  0  0.71  0  0.71  0  0.71  0  0.71  0  0.71  0  0.71  0 //
399360 63.0  1.02  1.02  1.8  0.70  0.0  0.70  0  0.70  0  0.70  0  0.70  0  0.70  0  0.70  0  0.70  0  0.70  0  0.70  0  0.70  0  0.70  0  0.70  0  0.70  0  0.70  0  0.70  0  0.70  0 //
401440 63.0  1.02  1.02  1.8  0.70  0.0  0.70  0  0.70  0  0.70  0  0.70  0  0.70  0  0.70  0  0.70  0  0.70  0  0.70  0  0.70  0  0.70  0  0.70  0  0.70  0  0.70  0  0.70  0  0.70  0 //
403520 63.0  1.02  1.02  1.8  0.69  0.0  0.69  0  0.69  0  0.69  0  0.69  0  0.69  0  0.69  0  0.69  0  0.69  0  0.69  0  0.69  0  0.69  0  0.69  0  0.69  0  0.69  0  0.69  0  0.69  0 //
405600 63.0  1.02  1.02  1.8  0.69  0.0  0.69  0  0.69  0  0.69  0  0.69  0  0.69  0  0.69  0  0.69  0  0.69  0  0.69  0  0.69  0  0.69  0  0.69  0  0.69  0  0.69  0  0.69  0  0.69  0 //
407680 63.0  1.02  1.02  1.8  0.68  0.0  0.68  0  0.68  0  0.68  0  0.68  0  0.68  0  0.68  0  0.68  0  0.68  0  0.68  0  0.68  0  0.68  0  0.68  0  0.68  0  0.68  0  0.68  0  0.68  0 //
409760 63.0  1.02  1.02  1.8  0.68  0.0  0.68  0  0.68  0  0.68  0  0.68  0  0.68  0  0.68  0  0.68  0  0.68  0  0.68  0  0.68  0  0.68  0  0.68  0  0.68  0  0.68  0  0.68  0  0.68  0 //
411840 63.0  1.02  1.02  1.8  0.68  0.0  0.68  0  0.68  0  0.68  0  0.68  0  0.68  0  0.68  0  0.68  0  0.68  0  0.68  0  0.68  0  0.68  0  0.68  0  0.68  0  0.68  0  0.68  0  0.68  0 //
413920 63.0  1.02  1.02  1.8  0.67  0.0  0.67  0  0.67  0  0.67  0  0.67  0  0.67  0  0.67  0  0.67  0  0.67  0  0.67  0  0.67  0  0.67  0  0.67  0  0.67  0  0.67  0  0.67  0  0.67  0 //
416000 63.0  1.02  1.02  1.8  0.67  0.0  0.67  0  0.67  0  0.67  0  0.67  0  0.67  0  0.67  0  0.67  0  0.67  0  0.67  0  0.67  0  0.67  0  0.67  0  0.67  0  0.67  0  0.67  0  0.67  0 //
418080 63.0  1.02  1.02  1.8  0.66  0.0  0.66  0  0.66  0  0.66  0  0.66  0  0.66  0  0.66  0  0.66  0  0.66  0  0.66  0  0.66  0  0.66  0  0.66  0  0.66  0  0.66  0  0.66  0  0.66  0 //
420160 63.0  1.02  1.02  1.8  0.66  0.0  0.66  0  0.66  0  0.66  0  0.66  0  0.66  0  0.66  0  0.66  0  0.66  0  0.66  0  0.66  0  0.66  0  0.66  0  0.66  0  0.66  0  0.66  0  0.66  0 //
422240 63.0  1.02  1.02  1.8  0.66  0.0  0.66  0  0.66  0  0.66  0  0.66  0  0.66  0  0.66  0  0.66  0  0.66  0  0.66  0  0.66  0  0.66  0  0.66  0  0.66  0  0.66  0  0.66  0  0.66  0 //
424320 63.0  1.02  1.02  1.8  0.65  0.0  0.65  0  0.65  0  0.65  0  0.65  0  0.65  0  0.65  0  0.65  0  0.65  0  0.65  0  0.65  0  0.65  0  0.65  0  0.65  0  0.65  0  0.65  0  0.65  0 //
426400 63.0  1.02  1.02  1.8  0.65  0.0  0.65  0  0.65  0  0.65  0  0.65  0  0.65  0  0.65  0  0.65  0  0.65  0  0.65  0  0.65  0  0.65  0  0.65  0  0.65  0  0.65  0  0.65  0  0.65  0 //
428480 63.0  1.02  1.02  1.8  0.64  0.0  0.64  0  0.64  0  0.64  0  0.64  0  0.64  0  0.64  0  0.64  0  0.64  0  0.64  0  0.64  0  0.64  0  0.64  0  0.64  0  0.64  0  0.64  0  0.64  0 //
430560 63.0  1.02  1.02  1.8  0.64  0.0  0.64  0  0.64  0  0.64  0  0.64  0  0.64  0  0.64  0  0.64  0  0.64  0  0.64  0  0.64  0  0.64  0  0.64  0  0.64  0  0.64  0  0.64  0  0.64  0 //
432640 63.0  1.02  1.02  1.8  0.63  0.0  0.63  0  0.63  0  0.63  0  0.63  0  0.63  0  0.63  0  0.63  0  0.63  0  0.63  0  0.63  0  0.63  0  0.63  0  0.63  0  0.63  0  0.63  0  0.63  0 //
434720 63.0  1.02  1.02  1.8  0.63  0.0  0.63  0  0.63  0  0.63  0  0.63  0  0.63  0  0.63  0  0.63  0  0.63  0  0.63  0  0.63  0  0.63  0  0.63  0  0.63  0  0.63  0  0.63  0  0.63  0 //
436800 63.0  1.02  1.02  1.8  0.63  0.0  0.63  0  0.63  0  0.63  0  0.63  0  0.63  0  0.63  0  0.63  0  0.63  0  0.63  0  0.63  0  0.63  0  0.63  0  0.63  0  0.63  0  0.63  0  0.63  0 //
438880 63.0  1.02  1.02  1.8  0.62  0.0  0.62  0  0.62  0  0.62  0  0.62  0  0.62  0  0.62  0  0.62  0  0.62  0  0.62  0  0.62  0  0.62  0  0.62  0  0.62  0  0.62  0  0.62  0  0.62  0 //
440960 63.0  1.02  1.02  1.8  0.62  0.0  0.62  0  0.62  0  0.62  0  0.62  0  0.62  0  0.62  0  0.62  0  0.62  0  0.62  0  0.62  0  0.62  0  0.62  0  0.62  0  0.62  0  0.62  0  0.62  0 //
443040 63.0  1.02  1.02  1.8  0.61  0.0  0.61  0  0.61  0  0.61  0  0.61  0  0.61  0  0.61  0  0.61  0  0.61  0  0.61  0  0.61  0  0.61  0  0.61  0  0.61  0  0.61  0  0.61  0  0.61  0 //
445120 63.0  1.02  1.02  1.8  0.61  0.0  0.61  0  0.61  0  0.61  0  0.61  0  0.61  0  0.61  0  0.61  0  0.61  0  0.61  0  0.61  0  0.61  0  0.61  0  0.61  0  0.61  0  0.61  0  0.61  0 //
447200 63.0  1.02  1.02  1.8  0.61  0.0  0.61  0  0.61  0  0.61  0  0.61  0  0.61  0  0.61  0  0.61  0  0.61  0  0.61  0  0.61  0  0.61  0  0.61  0  0.61  0  0.61  0  0.61  0  0.61  0 //
449280 63.0  1.02  1.02  1.8  0.60  0.0  0.60  0  0.60  0  0.60  0  0.60  0  0.60  0  0.60  0  0.60  0  0.60  0  0.60  0  0.60  0  0.60  0  0.60  0  0.60  0  0.60  0  0.60  0  0.60  0 //
451360 63.0  1.02  1.02  1.8  0.60  0.0  0.60  0  0.60  0  0.60  0  0.60  0  0.60  0  0.60  0  0.60  0  0.60  0  0.60  0  0.60  0  0.60  0  0.60  0  0.60  0  0.60  0  0.60  0  0.60  0 //
453440 63.0  1.02  1.02  1.8  0.59  0.0  0.59  0  0.59  0  0.59  0  0.59  0  0.59  0  0.59  0  0.59  0  0.59  0  0.59  0  0.59  0  0.59  0  0.59  0  0.59  0  0.59  0  0.59  0  0.59  0 //
455520 63.0  1.02  1.02  1.8  0.59  0.0  0.59  0  0.59  0  0.59  0  0.59  0  0.59  0  0.59  0  0.59  0  0.59  0  0.59  0  0.59  0  0.59  0  0.59  0  0.59  0  0.59  0  0.59  0  0.59  0 //
457600 63.0  1.02  1.02  1.8  0.58  0.0  0.58  0  0.58  0  0.58  0  0.58  0  0.58  0  0.58  0  0.58  0  0.58  0  0.58  0  0.58  0  0.58  0  0.58  0  0.58  0  0.58  0  0.58  0  0.58  0 //
459680 63.0  1.02  1.02  1.8  0.58  0.0  0.58  0  0.58  0  0.58  0  0.58  0  0.58  0  0.58  0  0.58  0  0.58  0  0.58  0  0.58  0  0.58  0  0.58  0  0.58  0  0.58  0  0.58  0  0.58  0 //
461760 63.0  1.02  1.02  1.8  0.58  0.0  0.58  0  0.58  0  0.58  0  0.58  0  0.58  0  0.58  0  0.58  0  0.58  0  0.58  0  0.58  0  0.58  0  0.58  0  0.58  0  0.58  0  0.58  0  0.58  0 //
463840 63.0  1.02  1.02  1.8  0.57  0.0  0.57  0  0.57  0  0.57  0  0.57  0  0.57  0  0.57  0  0.57  0  0.57  0  0.57  0  0.57  0  0.57  0  0.57  0  0.57  0  0.57  0  0.57  0  0.57  0 //
465920 63.0  1.02  1.02  1.8  0.57  0.0  0.57  0  0.57  0  0.57  0  0.57  0  0.57  0  0.57  0  0.57  0  0.57  0  0.57  0  0.57  0  0.57  0  0.57  0  0.57  0  0.57  0  0.57  0  0.57  0 //
468000 63.0  1.02  1.02  1.8  0.56  0.0  0.56  0  0.56  0  0.56  0  0.56  0  0.56  0  0.56  0  0.56  0  0.56  0  0.56  0  0.56  0  0.56  0  0.56  0  0.56  0  0.56  0  0.56  0  0.56  0 //
470080 63.0  1.02  1.02  1.8  0.56  0.0  0.56  0  0.56  0  0.56  0  0.56  0  0.56  0  0.56  0  0.56  0  0.56  0  0.56  0  0.56  0  0.56  0  0.56  0  0.56  0  0.56  0  0.56  0  0.56  0 //
472160 63.0  1.02  1.02  1.8  0.56  0.0  0.56  0  0.56  0  0.56  0  0.56  0  0.56  0  0.56  0  0.56  0  0.56  0  0.56  0  0.56  0  0.56  0  0.56  0  0.56  0  0.56  0  0.56  0  0.56  0 //
474240 63.0  1.02  1.02  1.8  0.55  0.0  0.55  0  0.55  0  0.55  0  0.55  0  0.55  0  0.55  0  0.55  0  0.55  0  0.55  0  0.55  0  0.55  0  0.55  0  0.55  0  0.55  0  0.55  0  0.55  0 //
476320 63.0  1.02  1.02  1.8  0.55  0.0  0.55  0  0.55  0  0.55  0  0.55  0  0.55  0  0.55  0  0.55  0  0.55  0  0.55  0  0.55  0  0.55  0  0.55  0  0.55  0  0.55  0  0.55  0  0.55  0 //
478400 63.0  1.02  1.02  1.8  0.54  0.0  0.54  0  0.54  0  0.54  0  0.54  0  0.54  0  0.54  0  0.54  0  0.54  0  0.54  0  0.54  0  0.54  0  0.54  0  0.54  0  0.54  0  0.54  0  0.54  0 //
480480 63.0  1.02  1.02  1.8  0.54  0.0  0.54  0  0.54  0  0.54  0  0.54  0  0.54  0  0.54  0  0.54  0  0.54  0  0.54  0  0.54  0  0.54  0  0.54  0  0.54  0  0.54  0  0.54  0  0.54  0 //
482560 63.0  1.02  1.02  1.8  0.53  0.0  0.53  0  0.53  0  0.53  0  0.53  0  0.53  0  0.53  0  0.53  0  0.53  0  0.53  0  0.53  0  0.53  0  0.53  0  0.53  0  0.53  0  0.53  0  0.53  0 //
484640 63.0  1.02  1.02  1.8  0.53  0.0  0.53  0  0.53  0  0.53  0  0.53  0  0.53  0  0.53  0  0.53  0  0.53  0  0.53  0  0.53  0  0.53  0  0.53  0  0.53  0  0.53  0  0.53  0  0.53  0 //
486720 63.0  1.02  1.02  1.8  0.53  0.0  0.53  0  0.53  0  0.53  0  0.53  0  0.53  0  0.53  0  0.53  0  0.53  0  0.53  0  0.53  0  0.53  0  0.53  0  0.53  0  0.53  0  0.53  0  0.53  0 //
488800 63.0  1.02  1.02  1.8  0.52  0.0  0.52  0  0.52  0  0.52  0  0.52  0  0.52  0  0.52  0  0.52  0  0.52  0  0.52  0  0.52  0  0.52  0  0.52  0  0.52  0  0.52  0  0.52  0  0.52  0 //
490880 63.0  1.02  1.02  1.8  0.52  0.0  0.52  0  0.52  0  0.52  0  0.52  0  0.52  0  0.52  0  0.52  0  0.52  0  0.52  0  0.52  0  0.52  0  0.52  0  0.52  0  0.52  0  0.52  0  0.52  0 //
492960 63.0  1.02  1.02  1.8  0.51  0.0  0.51  0  0.51  0  0.51  0  0.51  0  0.51  0  0.51  0  0.51  0  0.51  0  0.51  0  0.51  0  0.51  0  0.51  0  0.51  0  0.51  0  0.51  0  0.51  0 //
495040 63.0  1.02  1.02  1.8  0.51  0.0  0.51  0  0.51  0  0.51  0  0.51  0  0.51  0  0.51  0  0.51  0  0.51  0  0.51  0  0.51  0  0.51  0  0.51  0  0.51  0  0.51  0  0.51  0  0.51  0 //
497120 63.0  1.02  1.02  1.8  0.51  0.0  0.51  0  0.51  0  0.51  0  0.51  0  0.51  0  0.51  0  0.51  0  0.51  0  0.51  0  0.51  0  0.51  0  0.51  0  0.51  0  0.51  0  0.51  0  0.51  0 //
499200 63.0  1.02  1.02  1.8  0.50  0.0  0.50  0  0.50  0  0.50  0  0.50  0  0.50  0  0.50  0  0.50  0  0.50  0  0.50  0  0.50  0  0.50  0  0.50  0  0.50  0  0.50  0  0.50  0  0.50  0 //
501280 63.0  1.02  1.02  1.8  0.50  0.0  0.50  0  0.50  0  0.50  0  0.50  0  0.50  0  0.50  0  0.50  0  0.50  0  0.50  0  0.50  0  0.50  0  0.50  0  0.50  0  0.50  0  0.50  0  0.50  0 //
503360 63.0  1.02  1.02  1.8  0.49  0.0  0.49  0  0.49  0  0.49  0  0.49  0  0.49  0  0.49  0  0.49  0  0.49  0  0.49  0  0.49  0  0.49  0  0.49  0  0.49  0  0.49  0  0.49  0  0.49  0 //
505440 63.0  1.02  1.02  1.8  0.49  0.0  0.49  0  0.49  0  0.49  0  0.49  0  0.49  0  0.49  0  0.49  0  0.49  0  0.49  0  0.49  0  0.49  0  0.49  0  0.49  0  0.49  0  0.49  0  0.49  0 //
507520 63.0  1.02  1.02  1.8  0.48  0.0  0.48  0  0.48  0  0.48  0  0.48  0  0.48  0  0.48  0  0.48  0  0.48  0  0.48  0  0.48  0  0.48  0  0.48  0  0.48  0  0.48  0  0.48  0  0.48  0 //
509600 63.0  1.02  1.02  1.8  0.48  0.0  0.48  0  0.48  0  0.48  0  0.48  0  0.48  0  0.48  0  0.48  0  0.48  0  0.48  0  0.48  0  0.48  0  0.48  0  0.48  0  0.48  0  0.48  0  0.48  0 //
511680 63.0  1.02  1.02  1.8  0.48  0.0  0.48  0  0.48  0  0.48  0  0.48  0  0.48  0  0.48  0  0.48  0  0.48  0  0.48  0  0.48  0  0.48  0  0.48  0  0.48  0  0.48  0  0.48  0  0.48  0 //
513760 63.0  1.02  1.02  1.8  0.47  0.0  0.47  0  0.47  0  0.47  0  0.47  0  0.47  0  0.47  0  0.47  0  0.47  0  0.47  0  0.47  0  0.47  0  0.47  0  0.47  0  0.47  0  0.47  0  0.47  0 //
515840 63.0  1.02  1.02  1.8  0.47  0.0  0.47  0  0.47  0  0.47  0  0.47  0  0.47  0  0.47  0  0.47  0  0.47  0  0.47  0  0.47  0  0.47  0  0.47  0  0.47  0  0.47  0  0.47  0  0.47  0 //
517920 63.0  1.02  1.02  1.8  0.46  0.0  0.46  0  0.46  0  0.46  0  0.46  0  0.46  0  0.46  0  0.46  0  0.46  0  0.46  0  0.46  0  0.46  0  0.46  0  0.46  0  0.46  0  0.46  0  0.46  0 //
520000 63.0  1.02  1.02  1.8  0.46  0.0  0.46  0  0.46  0  0.46  0  0.46  0  0.46  0  0.46  0  0.46  0  0.46  0  0.46  0  0.46  0  0.46  0  0.46  0  0.46  0  0.46  0  0.46  0  0.46  0 //
522080 63.0  1.02  1.02  1.8  0.46  0.0  0.46  0  0.46  0  0.46  0  0.46  0  0.46  0  0.46  0  0.46  0  0.46  0  0.46  0  0.46  0  0.46  0  0.46  0  0.46  0  0.46  0  0.46  0  0.46  0 //
524160 63.0  1.02  1.02  1.8  0.45  0.0  0.45  0  0.45  0  0.45  0  0.45  0  0.45  0  0.45  0  0.45  0  0.45  0  0.45  0  0.45  0  0.45  0  0.45  0  0.45  0  0.45  0  0.45  0  0.45  0 //
526240 63.0  1.02  1.02  1.8  0.45  0.0  0.45  0  0.45  0  0.45  0  0.45  0  0.45  0  0.45  0  0.45  0  0.45  0  0.45  0  0.45  0  0.45  0  0.45  0  0.45  0  0.45  0  0.45  0  0.45  0 //
528320 63.0  1.02  1.02  1.8  0.44  0.0  0.44  0  0.44  0  0.44  0  0.44  0  0.44  0  0.44  0  0.44  0  0.44  0  0.44  0  0.44  0  0.44  0  0.44  0  0.44  0  0.44  0  0.44  0  0.44  0 //
530400 63.0  1.02  1.02  1.8  0.44  0.0  0.44  0  0.44  0  0.44  0  0.44  0  0.44  0  0.44  0  0.44  0  0.44  0  0.44  0  0.44  0  0.44  0  0.44  0  0.44  0  0.44  0  0.44  0  0.44  0 //
532480 63.0  1.02  1.02  1.8  0.44  0.0  0.44  0  0.44  0  0.44  0  0.44  0  0.44  0  0.44  0  0.44  0  0.44  0  0.44  0  0.44  0  0.44  0  0.44  0  0.44  0  0.44  0  0.44  0  0.44  0 //
534560 63.0  1.02  1.02  1.8  0.43  0.0  0.43  0  0.43  0  0.43  0  0.43  0  0.43  0  0.43  0  0.43  0  0.43  0  0.43  0  0.43  0  0.43  0  0.43  0  0.43  0  0.43  0  0.43  0  0.43  0 //
536640 63.0  1.02  1.02  1.8  0.43  0.0  0.43  0  0.43  0  0.43  0  0.43  0  0.43  0  0.43  0  0.43  0  0.43  0  0.43  0  0.43  0  0.43  0  0.43  0  0.43  0  0.43  0  0.43  0  0.43  0 //
538720 63.0  1.02  1.02  1.8  0.42  0.0  0.42  0  0.42  0  0.42  0  0.42  0  0.42  0  0.42  0  0.42  0  0.42  0  0.42  0  0.42  0  0.42  0  0.42  0  0.42  0  0.42  0  0.42  0  0.42  0 //
540800 63.0  1.02  1.02  1.8  0.42  0.0  0.42  0  0.42  0  0.42  0  0.42  0  0.42  0  0.42  0  0.42  0  0.42  0  0.42  0  0.42  0  0.42  0  0.42  0  0.42  0  0.42  0  0.42  0  0.42  0 //
542880 63.0  1.02  1.02  1.8  0.41  0.0  0.41  0  0.41  0  0.41  0  0.41  0  0.41  0  0.41  0  0.41  0  0.41  0  0.41  0  0.41  0  0.41  0  0.41  0  0.41  0  0.41  0  0.41  0  0.41  0 //
544960 63.0  1.02  1.02  1.8  0.41  0.0  0.41  0  0.41  0  0.41  0  0.41  0  0.41  0  0.41  0  0.41  0  0.41  0  0.41  0  0.41  0  0.41  0  0.41  0  0.41  0  0.41  0  0.41  0  0.41  0 //
547040 63.0  1.02  1.02  1.8  0.41  0.0  0.41  0  0.41  0  0.41  0  0.41  0  0.41  0  0.41  0  0.41  0  0.41  0  0.41  0  0.41  0  0.41  0  0.41  0  0.41  0  0.41  0  0.41  0  0.41  0 //
549120 63.0  1.02  1.02  1.8  0.40  0.0  0.40  0  0.40  0  0.40  0  0.40  0  0.40  0  0.40  0  0.40  0  0.40  0  0.40  0  0.40  0  0.40  0  0.40  0  0.40  0  0.40  0  0.40  0  0.40  0 //
551200 63.0  1.02  1.02  1.8  0.40  0.0  0.40  0  0.40  0  0.40  0  0.40  0  0.40  0  0.40  0  0.40  0  0.40  0  0.40  0  0.40  0  0.40  0  0.40  0  0.40  0  0.40  0  0.40  0  0.40  0 //
553280 63.0  1.02  1.02  1.8  0.39  0.0  0.39  0  0.39  0  0.39  0  0.39  0  0.39  0  0.39  0  0.39  0  0.39  0  0.39  0  0.39  0  0.39  0  0.39  0  0.39  0  0.39  0  0.39  0  0.39  0 //
555360 63.0  1.02  1.02  1.8  0.39  0.0  0.39  0  0.39  0  0.39  0  0.39  0  0.39  0  0.39  0  0.39  0  0.39  0  0.39  0  0.39  0  0.39  0  0.39  0  0.39  0  0.39  0  0.39  0  0.39  0 //
557440 63.0  1.02  1.02  1.8  0.39  0.0  0.39  0  0.39  0  0.39  0  0.39  0  0.39  0  0.39  0  0.39  0  0.39  0  0.39  0  0.39  0  0.39  0  0.39  0  0.39  0  0.39  0  0.39  0  0.39  0 //
559520 63.0  1.02  1.02  1.8  0.38  0.0  0.38  0  0.38  0  0.38  0  0.38  0  0.38  0  0.38  0  0.38  0  0.38  0  0.38  0  0.38  0  0.38  0  0.38  0  0.38  0  0.38  0  0.38  0  0.38  0 //
561600 63.0  1.02  1.02  1.8  0.38  0.0  0.38  0  0.38  0  0.38  0  0.38  0  0.38  0  0.38  0  0.38  0  0.38  0  0.38  0  0.38  0  0.38  0  0.38  0  0.38  0  0.38  0  0.38  0  0.38  0 //
563680 63.0  1.02  1.02  1.8  0.37  0.0  0.37  0  0.37  0  0.37  0  0.37  0  0.37  0  0.37  0  0.37  0  0.37  0  0.37  0  0.37  0  0.37  0  0.37  0  0.37  0  0.37  0  0.37  0  0.37  0 //
565760 63.0  1.02  1.02  1.8  0.37  0.0  0.37  0  0.37  0  0.37  0  0.37  0  0.37  0  0.37  0  0.37  0  0.37  0  0.37  0  0.37  0  0.37  0  0.37  0  0.37  0  0.37  0  0.37  0  0.37  0 //
567840 63.0  1.02  1.02  1.8  0.36  0.0  0.36  0  0.36  0  0.36  0  0.36  0  0.36  0  0.36  0  0.36  0  0.36  0  0.36  0  0.36  0  0.36  0  0.36  0  0.36  0  0.36  0  0.36  0  0.36  0 //
569920 63.0  1.02  1.02  1.8  0.36  0.0  0.36  0  0.36  0  0.36  0  0.36  0  0.36  0  0.36  0  0.36  0  0.36  0  0.36  0  0.36  0  0.36  0  0.36  0  0.36  0  0.36  0  0.36  0  0.36  0 //
572000 63.0  1.02  1.02  1.8  0.36  0.0  0.36  0  0.36  0  0.36  0  0.36  0  0.36  0  0.36  0  0.36  0  0.36  0  0.36  0  0.36  0  0.36  0  0.36  0  0.36  0  0.36  0  0.36  0  0.36  0 //
574080 63.0  1.02  1.02  1.8  0.35  0.0  0.35  0  0.35  0  0.35  0  0.35  0  0.35  0  0.35  0  0.35  0  0.35  0  0.35  0  0.35  0  0.35  0  0.35  0  0.35  0  0.35  0  0.35  0  0.35  0 //
576160 63.0  1.02  1.02  1.8  0.35  0.0  0.35  0  0.35  0  0.35  0  0.35  0  0.35  0  0.35  0  0.35  0  0.35  0  0.35  0  0.35  0  0.35  0  0.35  0  0.35  0  0.35  0  0.35  0  0.35  0 //
578240 63.0  1.02  1.02  1.8  0.34  0.0  0.34  0  0.34  0  0.34  0  0.34  0  0.34  0  0.34  0  0.34  0  0.34  0  0.34  0  0.34  0  0.34  0  0.34  0  0.34  0  0.34  0  0.34  0  0.34  0 //
580320 63.0  1.02  1.02  1.8  0.34  0.0  0.34  0  0.34  0  0.34  0  0.34  0  0.34  0  0.34  0  0.34  0  0.34  0  0.34  0  0.34  0  0.34  0  0.34  0  0.34  0  0.34  0  0.34  0  0.34  0 //
582400 63.0  1.02  1.02  1.8  0.34  0.0  0.34  0  0.34  0  0.34  0  0.34  0  0.34  0  0.34  0  0.34  0  0.34  0  0.34  0  0.34  0  0.34  0  0.34  0  0.34  0  0.34  0  0.34  0  0.34  0 //
584480 63.0  1.02  1.02  1.8  0.33  0.0  0.33  0  0.33  0  0.33  0  0.33  0  0.33  0  0.33  0  0.33  0  0.33  0  0.33  0  0.33  0  0.33  0  0.33  0  0.33  0  0.33  0  0.33  0  0.33  0 //
586560 63.0  1.02  1.02  1.8  0.33  0.0  0.33  0  0.33  0  0.33  0  0.33  0  0.33  0  0.33  0  0.33  0  0.33  0  0.33  0  0.33  0  0.33  0  0.33  0  0.33  0  0.33  0  0.33  0  0.33  0 //
588640 63.0  1.02  1.02  1.8  0.32  0.0  0.32  0  0.32  0  0.32  0  0.32  0  0.32  0  0.32  0  0.32  0  0.32  0  0.32  0  0.32  0  0.32  0  0.32  0  0.32  0  0.32  0  0.32  0  0.32  0 //
590720 63.0  1.02  1.02  1.8  0.32  0.0  0.32  0  0.32  0  0.32  0  0.32  0  0.32  0  0.32  0  0.32  0  0.32  0  0.32  0  0.32  0  0.32  0  0.32  0  0.32  0  0.32  0  0.32  0  0.32  0 //
592800 63.0  1.02  1.02  1.8  0.31  0.0  0.31  0  0.31  0  0.31  0  0.31  0  0.31  0  0.31  0  0.31  0  0.31  0  0.31  0  0.31  0  0.31  0  0.31  0  0.31  0  0.31  0  0.31  0  0.31  0 //
594880 63.0  1.02  1.02  1.8  0.31  0.0  0.31  0  0.31  0  0.31  0  0.31  0  0.31  0  0.31  0  0.31  0  0.31  0  0.31  0  0.31  0  0.31  0  0.31  0  0.31  0  0.31  0  0.31  0  0.31  0 //
596960 63.0  1.02  1.02  1.8  0.31  0.0  0.31  0  0.31  0  0.31  0  0.31  0  0.31  0  0.31  0  0.31  0  0.31  0  0.31  0  0.31  0  0.31  0  0.31  0  0.31  0  0.31  0  0.31  0  0.31  0 //
599040 63.0  1.02  1.02  1.8  0.30  0.0  0.30  0  0.30  0  0.30  0  0.30  0  0.30  0  0.30  0  0.30  0  0.30  0  0.30  0  0.30  0  0.30  0  0.30  0  0.30  0  0.30  0  0.30  0  0.30  0 //
601120 63.0  1.02  1.02  1.8  0.30  0.0  0.30  0  0.30  0  0.30  0  0.30  0  0.30  0  0.30  0  0.30  0  0.30  0  0.30  0  0.30  0  0.30  0  0.30  0  0.30  0  0.30  0  0.30  0  0.30  0 //
603200 63.0  1.02  1.02  1.8  0.29  0.0  0.29  0  0.29  0  0.29  0  0.29  0  0.29  0  0.29  0  0.29  0  0.29  0  0.29  0  0.29  0  0.29  0  0.29  0  0.29  0  0.29  0  0.29  0  0.29  0 //
605280 63.0  1.02  1.02  1.8  0.29  0.0  0.29  0  0.29  0  0.29  0  0.29  0  0.29  0  0.29  0  0.29  0  0.29  0  0.29  0  0.29  0  0.29  0  0.29  0  0.29  0  0.29  0  0.29  0  0.29  0 //
607360 63.0  1.02  1.02  1.8  0.29  0.0  0.29  0  0.29  0  0.29  0  0.29  0  0.29  0  0.29  0  0.29  0  0.29  0  0.29  0  0.29  0  0.29  0  0.29  0  0.29  0  0.29  0  0.29  0  0.29  0 //
609440 63.0  1.02  1.02  1.8  0.28  0.0  0.28  0  0.28  0  0.28  0  0.28  0  0.28  0  0.28  0  0.28  0  0.28  0  0.28  0  0.28  0  0.28  0  0.28  0  0.28  0  0.28  0  0.28  0  0.28  0 //
611520 63.0  1.02  1.02  1.8  0.28  0.0  0.28  0  0.28  0  0.28  0  0.28  0  0.28  0  0.28  0  0.28  0  0.28  0  0.28  0  0.28  0  0.28  0  0.28  0  0.28  0  0.28  0  0.28  0  0.28  0 //
613600 63.0  1.02  1.02  1.8  0.27  0.0  0.27  0  0.27  0  0.27  0  0.27  0  0.27  0  0.27  0  0.27  0  0.27  0  0.27  0  0.27  0  0.27  0  0.27  0  0.27  0  0.27  0  0.27  0  0.27  0 //
615680 63.0  1.02  1.02  1.8  0.27  0.0  0.27  0  0.27  0  0.27  0  0.27  0  0.27  0  0.27  0  0.27  0  0.27  0  0.27  0  0.27  0  0.27  0  0.27  0  0.27  0  0.27  0  0.27  0  0.27  0 //
617760 63.0  1.02  1.02  1.8  0.26  0.0  0.26  0  0.26  0  0.26  0  0.26  0  0.26  0  0.26  0  0.26  0  0.26  0  0.26  0  0.26  0  0.26  0  0.26  0  0.26  0  0.26  0  0.26  0  0.26  0 //
619840 63.0  1.02  1.02  1.8  0.26  0.0  0.26  0  0.26  0  0.26  0  0.26  0  0.26  0  0.26  0  0.26  0  0.26  0  0.26  0  0.26  0  0.26  0  0.26  0  0.26  0  0.26  0  0.26  0  0.26  0 //
621920 63.0  1.02  1.02  1.8  0.26  0.0  0.26  0  0.26  0  0.26  0  0.26  0  0.26  0  0.26  0  0.26  0  0.26  0  0.26  0  0.26  0  0.26  0  0.26  0  0.26  0  0.26  0  0.26  0  0.26  0 //
624000 63.0  1.02  1.02  1.8  0.25  0.0  0.25  0  0.25  0  0.25  0  0.25  0  0.25  0  0.25  0  0.25  0  0.25  0  0.25  0  0.25  0  0.25  0  0.25  0  0.25  0  0.25  0  0.25  0  0.25  0 //
626080 63.0  1.02  1.02  1.8  0.25  0.0  0.25  0  0.25  0  0.25  0  0.25  0  0.25  0  0.25  0  0.25  0  0.25  0  0.25  0  0.25  0  0.25  0  0.25  0  0.25  0  0.25  0  0.25  0  0.25  0 //
628160 63.0  1.02  1.02  1.8  0.24  0.0  0.24  0  0.24  0  0.24  0  0.24  0  0.24  0  0.24  0  0.24  0  0.24  0  0.24  0  0.24  0  0.24  0  0.24  0  0.24  0  0.24  0  0.24  0  0.24  0 //
630240 63.0  1.02  1.02  1.8  0.24  0.0  0.24  0  0.24  0  0.24  0  0.24  0  0.24  0  0.24  0  0.24  0  0.24  0  0.24  0  0.24  0  0.24  0  0.24  0  0.24  0  0.24  0  0.24  0  0.24  0 //
632320 63.0  1.02  1.02  1.8  0.24  0.0  0.24  0  0.24  0  0.24  0  0.24  0  0.24  0  0.24  0  0.24  0  0.24  0  0.24  0  0.24  0  0.24  0  0.24  0  0.24  0  0.24  0  0.24  0  0.24  0 //
634400 63.0  1.02  1.02  1.8  0.23  0.0  0.23  0  0.23  0  0.23  0  0.23  0  0.23  0  0.23  0  0.23  0  0.23  0  0.23  0  0.23  0  0.23  0  0.23  0  0.23  0  0.23  0  0.23  0  0.23  0 //
636480 63.0  1.02  1.02  1.8  0.23  0.0  0.23  0  0.23  0  0.23  0  0.23  0  0.23  0  0.23  0  0.23  0  0.23  0  0.23  0  0.23  0  0.23  0  0.23  0  0.23  0  0.23  0  0.23  0  0.23  0 //
638560 63.0  1.02  1.02  1.8  0.22  0.0  0.22  0  0.22  0  0.22  0  0.22  0  0.22  0  0.22  0  0.22  0  0.22  0  0.22  0  0.22  0  0.22  0  0.22  0  0.22  0  0.22  0  0.22  0  0.22  0 //
640640 63.0  1.02  1.02  1.8  0.22  0.0  0.22  0  0.22  0  0.22  0  0.22  0  0.22  0  0.22  0  0.22  0  0.22  0  0.22  0  0.22  0  0.22  0  0.22  0  0.22  0  0.22  0  0.22  0  0.22  0 //
642720 63.0  1.02  1.02  1.8  0.21  0.0  0.21  0  0.21  0  0.21  0  0.21  0  0.21  0  0.21  0  0.21  0  0.21  0  0.21  0  0.21  0  0.21  0  0.21  0  0.21  0  0.21  0  0.21  0  0.21  0 //
644800 63.0  1.02  1.02  1.8  0.21  0.0  0.21  0  0.21  0  0.21  0  0.21  0  0.21  0  0.21  0  0.21  0  0.21  0  0.21  0  0.21  0  0.21  0  0.21  0  0.21  0  0.21  0  0.21  0  0.21  0 //
646880 63.0  1.02  1.02  1.8  0.21  0.0  0.21  0  0.21  0  0.21  0  0.21  0  0.21  0  0.21  0  0.21  0  0.21  0  0.21  0  0.21  0  0.21  0  0.21  0  0.21  0  0.21  0  0.21  0  0.21  0 //
648960 63.0  1.02  1.02  1.8  0.20  0.0  0.20  0  0.20  0  0.20  0  0.20  0  0.20  0  0.20  0  0.20  0  0.20  0  0.20  0  0.20  0  0.20  0  0.20  0  0.20  0  0.20  0  0.20  0  0.20  0 //
651040 63.0  1.02  1.02  1.8  0.20  0.0  0.20  0  0.20  0  0.20  0  0.20  0  0.20  0  0.20  0  0.20  0  0.20  0  0.20  0  0.20  0  0.20  0  0.20  0  0.20  0  0.20  0  0.20  0  0.20  0 //
653120 63.0  1.02  1.02  1.8  0.19  0.0  0.19  0  0.19  0  0.19  0  0.19  0  0.19  0  0.19  0  0.19  0  0.19  0  0.19  0  0.19  0  0.19  0  0.19  0  0.19  0  0.19  0  0.19  0  0.19  0 //
655200 63.0  1.02  1.02  1.8  0.19  0.0  0.19  0  0.19  0  0.19  0  0.19  0  0.19  0  0.19  0  0.19  0  0.19  0  0.19  0  0.19  0  0.19  0  0.19  0  0.19  0  0.19  0  0.19  0  0.19  0 //
657280 63.0  1.02  1.02  1.8  0.19  0.0  0.19  0  0.19  0  0.19  0  0.19  0  0.19  0  0.19  0  0.19  0  0.19  0  0.19  0  0.19  0  0.19  0  0.19  0  0.19  0  0.19  0  0.19  0  0.19  0 //
659360 63.0  1.02  1.02  1.8  0.18  0.0  0.18  0  0.18  0  0.18  0  0.18  0  0.18  0  0.18  0  0.18  0  0.18  0  0.18  0  0.18  0  0.18  0  0.18  0  0.18  0  0.18  0  0.18  0  0.18  0 //
661440 63.0  1.02  1.02  1.8  0.18  0.0  0.18  0  0.18  0  0.18  0  0.18  0  0.18  0  0.18  0  0.18  0  0.18  0  0.18  0  0.18  0  0.18  0  0.18  0  0.18  0  0.18  0  0.18  0  0.18  0 //
663520 63.0  1.02  1.02  1.8  0.17  0.0  0.17  0  0.17  0  0.17  0  0.17  0  0.17  0  0.17  0  0.17  0  0.17  0  0.17  0  0.17  0  0.17  0  0.17  0  0.17  0  0.17  0  0.17  0  0.17  0 //
665600 63.0  1.02  1.02  1.8  0.17  0.0  0.17  0  0.17  0  0.17  0  0.17  0  0.17  0  0.17  0  0.17  0  0.17  0  0.17  0  0.17  0  0.17  0  0.17  0  0.17  0  0.17  0  0.17  0  0.17  0 //
667680 63.0  1.02  1.02  1.8  0.16  0.0  0.16  0  0.16  0  0.16  0  0.16  0  0.16  0  0.16  0  0.16  0  0.16  0  0.16  0  0.16  0  0.16  0  0.16  0  0.16  0  0.16  0  0.16  0  0.16  0 //
669760 63.0  1.02  1.02  1.8  0.16  0.0  0.16  0  0.16  0  0.16  0  0.16  0  0.16  0  0.16  0  0.16  0  0.16  0  0.16  0  0.16  0  0.16  0  0.16  0  0.16  0  0.16  0  0.16  0  0.16  0 //
671840 63.0  1.02  1.02  1.8  0.16  0.0  0.16  0  0.16  0  0.16  0  0.16  0  0.16  0  0.16  0  0.16  0  0.16  0  0.16  0  0.16  0  0.16  0  0.16  0  0.16  0  0.16  0  0.16  0  0.16  0 //
673920 63.0  1.02  1.02  1.8  0.15  0.0  0.15  0  0.15  0  0.15  0  0.15  0  0.15  0  0.15  0  0.15  0  0.15  0  0.15  0  0.15  0  0.15  0  0.15  0  0.15  0  0.15  0  0.15  0  0.15  0 //
676000 63.0  1.02  1.02  1.8  0.15  0.0  0.15  0  0.15  0  0.15  0  0.15  0  0.15  0  0.15  0  0.15  0  0.15  0  0.15  0  0.15  0  0.15  0  0.15  0  0.15  0  0.15  0  0.15  0  0.15  0 //
678080 63.0  1.02  1.02  1.8  0.14  0.0  0.14  0  0.14  0  0.14  0  0.14  0  0.14  0  0.14  0  0.14  0  0.14  0  0.14  0  0.14  0  0.14  0  0.14  0  0.14  0  0.14  0  0.14  0  0.14  0 //
680160 63.0  1.02  1.02  1.8  0.14  0.0  0.14  0  0.14  0  0.14  0  0.14  0  0.14  0  0.14  0  0.14  0  0.14  0  0.14  0  0.14  0  0.14  0  0.14  0  0.14  0  0.14  0  0.14  0  0.14  0 //
682240 63.0  1.02  1.02  1.8  0.14  0.0  0.14  0  0.14  0  0.14  0  0.14  0  0.14  0  0.14  0  0.14  0  0.14  0  0.14  0  0.14  0  0.14  0  0.14  0  0.14  0  0.14  0  0.14  0  0.14  0 //
684320 63.0  1.02  1.02  1.8  0.13  0.0  0.13  0  0.13  0  0.13  0  0.13  0  0.13  0  0.13  0  0.13  0  0.13  0  0.13  0  0.13  0  0.13  0  0.13  0  0.13  0  0.13  0  0.13  0  0.13  0 //
686400 63.0  1.02  1.02  1.8  0.13  0.0  0.13  0  0.13  0  0.13  0  0.13  0  0.13  0  0.13  0  0.13  0  0.13  0  0.13  0  0.13  0  0.13  0  0.13  0  0.13  0  0.13  0  0.13  0  0.13  0 //
688480 63.0  1.02  1.02  1.8  0.12  0.0  0.12  0  0.12  0  0.12  0  0.12  0  0.12  0  0.12  0  0.12  0  0.12  0  0.12  0  0.12  0  0.12  0  0.12  0  0.12  0  0.12  0  0.12  0  0.12  0 //
690560 63.0  1.02  1.02  1.8  0.12  0.0  0.12  0  0.12  0  0.12  0  0.12  0  0.12  0  0.12  0  0.12  0  0.12  0  0.12  0  0.12  0  0.12  0  0.12  0  0.12  0  0.12  0  0.12  0  0.12  0 //
692640 63.0  1.02  1.02  1.8  0.11  0.0  0.11  0  0.11  0  0.11  0  0.11  0  0.11  0  0.11  0  0.11  0  0.11  0  0.11  0  0.11  0  0.11  0  0.11  0  0.11  0  0.11  0  0.11  0  0.11  0 //
694720 63.0  1.02  1.02  1.8  0.11  0.0  0.11  0  0.11  0  0.11  0  0.11  0  0.11  0  0.11  0  0.11  0  0.11  0  0.11  0  0.11  0  0.11  0  0.11  0  0.11  0  0.11  0  0.11  0  0.11  0 //
696800 63.0  1.02  1.02  1.8  0.11  0.0  0.11  0  0.11  0  0.11  0  0.11  0  0.11  0  0.11  0  0.11  0  0.11  0  0.11  0  0.11  0  0.11  0  0.11  0  0.11  0  0.11  0  0.11  0  0.11  0 //
698880 63.0  1.02  1.02  1.8  0.10  0.0  0.10  0  0.10  0  0.10  0  0.10  0  0.10  0  0.10  0  0.10  0  0.10  0  0.10  0  0.10  0  0.10  0  0.10  0  0.10  0  0.10  0  0.10  0  0.10  0 //
700960 63.0  1.02  1.02  1.8  0.10  0.0  0.10  0  0.10  0  0.10  0  0.10  0  0.10  0  0.10  0  0.10  0  0.10  0  0.10  0  0.10  0  0.10  0  0.10  0  0.10  0  0.10  0  0.10  0  0.10  0 //
703040 63.0  1.02  1.02  1.8  0.09  0.0  0.09  0  0.09  0  0.09  0  0.09  0  0.09  0  0.09  0  0.09  0  0.09  0  0.09  0  0.09  0  0.09  0  0.09  0  0.09  0  0.09  0  0.09  0  0.09  0 //
705120 63.0  1.02  1.02  1.8  0.09  0.0  0.09  0  0.09  0  0.09  0  0.09  0  0.09  0  0.09  0  0.09  0  0.09  0  0.09  0  0.09  0  0.09  0  0.09  0  0.09  0  0.09  0  0.09  0  0.09  0 //
707200 63.0  1.02  1.02  1.8  0.09  0.0  0.09  0  0.09  0  0.09  0  0.09  0  0.09  0  0.09  0  0.09  0  0.09  0  0.09  0  0.09  0  0.09  0  0.09  0  0.09  0  0.09  0  0.09  0  0.09  0 //
709280 63.0  1.02  1.02  1.8  0.08  0.0  0.08  0  0.08  0  0.08  0  0.08  0  0.08  0  0.08  0  0.08  0  0.08  0  0.08  0  0.08  0  0.08  0  0.08  0  0.08  0  0.08  0  0.08  0  0.08  0 //
711360 63.0  1.02  1.02  1.8  0.08  0.0  0.08  0  0.08  0  0.08  0  0.08  0  0.08  0  0.08  0  0.08  0  0.08  0  0.08  0  0.08  0  0.08  0  0.08  0  0.08  0  0.08  0  0.08  0  0.08  0 //
713440 63.0  1.02  1.02  1.8  0.07  0.0  0.07  0  0.07  0  0.07  0  0.07  0  0.07  0  0.07  0  0.07  0  0.07  0  0.07  0  0.07  0  0.07  0  0.07  0  0.07  0  0.07  0  0.07  0  0.07  0 //
715520 63.0  1.02  1.02  1.8  0.07  0.0  0.07  0  0.07  0  0.07  0  0.07  0  0.07  0  0.07  0  0.07  0  0.07  0  0.07  0  0.07  0  0.07  0  0.07  0  0.07  0  0.07  0  0.07  0  0.07  0 //
717600 63.0  1.02  1.02  1.8  0.06  0.0  0.06  0  0.06  0  0.06  0  0.06  0  0.06  0  0.06  0  0.06  0  0.06  0  0.06  0  0.06  0  0.06  0  0.06  0  0.06  0  0.06  0  0.06  0  0.06  0 //
719680 63.0  1.02  1.02  1.8  0.06  0.0  0.06  0  0.06  0  0.06  0  0.06  0  0.06  0  0.06  0  0.06  0  0.06  0  0.06  0  0.06  0  0.06  0  0.06  0  0.06  0  0.06  0  0.06  0  0.06  0 //
721760 63.0  1.02  1.02  1.8  0.06  0.0  0.06  0  0.06  0  0.06  0  0.06  0  0.06  0  0.06  0  0.06  0  0.06  0  0.06  0  0.06  0  0.06  0  0.06  0  0.06  0  0.06  0  0.06  0  0.06  0 //
723840 63.0  1.02  1.02  1.8  0.05  0.0  0.05  0  0.05  0  0.05  0  0.05  0  0.05  0  0.05  0  0.05  0  0.05  0  0.05  0  0.05  0  0.05  0  0.05  0  0.05  0  0.05  0  0.05  0  0.05  0 //
725920 63.0  1.02  1.02  1.8  0.05  0.0  0.05  0  0.05  0  0.05  0  0.05  0  0.05  0  0.05  0  0.05  0  0.05  0  0.05  0  0.05  0  0.05  0  0.05  0  0.05  0  0.05  0  0.05  0  0.05  0 //
728000 63.0  1.02  1.02  1.8  0.04  0.0  0.04  0  0.04  0  0.04  0  0.04  0  0.04  0  0.04  0  0.04  0  0.04  0  0.04  0  0.04  0  0.04  0  0.04  0  0.04  0  0.04  0  0.04  0  0.04  0 //
730080 63.0  1.02  1.02  1.8  0.04  0.0  0.04  0  0.04  0  0.04  0  0.04  0  0.04  0  0.04  0  0.04  0  0.04  0  0.04  0  0.04  0  0.04  0  0.04  0  0.04  0  0.04  0  0.04  0  0.04  0 //
732160 63.0  1.02  1.02  1.8  0.04  0.0  0.04  0  0.04  0  0.04  0  0.04  0  0.04  0  0.04  0  0.04  0  0.04  0  0.04  0  0.04  0  0.04  0  0.04  0  0.04  0  0.04  0  0.04  0  0.04  0 //
734240 63.0  1.02  1.02  1.8  0.03  0.0  0.03  0  0.03  0  0.03  0  0.03  0  0.03  0  0.03  0  0.03  0  0.03  0  0.03  0  0.03  0  0.03  0  0.03  0  0.03  0  0.03  0  0.03  0  0.03  0 //
736320 63.0  1.02  1.02  1.8  0.03  0.0  0.03  0  0.03  0  0.03  0  0.03  0  0.03  0  0.03  0  0.03  0  0.03  0  0.03  0  0.03  0  0.03  0  0.03  0  0.03  0  0.03  0  0.03  0  0.03  0 //
738400 63.0  1.02  1.02  1.8  0.02  0.0  0.02  0  0.02  0  0.02  0  0.02  0  0.02  0  0.02  0  0.02  0  0.02  0  0.02  0  0.02  0  0.02  0  0.02  0  0.02  0  0.02  0  0.02  0  0.02  0 //
740480 63.0  1.02  1.02  1.8  0.02  0.0  0.02  0  0.02  0  0.02  0  0.02  0  0.02  0  0.02  0  0.02  0  0.02  0  0.02  0  0.02  0  0.02  0  0.02  0  0.02  0  0.02  0  0.02  0  0.02  0 //
742560 63.0  1.02  1.02  1.8  0.01  0.0  0.01  0  0.01  0  0.01  0  0.01  0  0.01  0  0.01  0  0.01  0  0.01  0  0.01  0  0.01  0  0.01  0  0.01  0  0.01  0  0.01  0  0.01  0  0.01  0 //
744640 63.0  1.02  1.02  1.8  0.01  0.0  0.01  0  0.01  0  0.01  0  0.01  0  0.01  0  0.01  0  0.01  0  0.01  0  0.01  0  0.01  0  0.01  0  0.01  0  0.01  0  0.01  0  0.01  0  0.01  0 //
746720 63.0  1.02  1.02  1.8  0.01  0.0  0.01  0  0.01  0  0.01  0  0.01  0  0.01  0  0.01  0  0.01  0  0.01  0  0.01  0  0.01  0  0.01  0  0.01  0  0.01  0  0.01  0  0.01  0  0.01  0 //
748800 63.0  1.02  1.02  1.8  0.00  0.0  0.00  0  0.00  0  0.00  0  0.00  0  0.00  0  0.00  0  0.00  0  0.00  0  0.00  0  0.00  0  0.00  0  0.00  0  0.00  0  0.00  0  0.00  0  0.00  0 //
750880 63.0  1.02  1.02  1.8  0.00  0.0  0.00  0  0.00  0  0.00  0  0.00  0  0.00  0  0.00  0  0.00  0  0.00  0  0.00  0  0.00  0  0.00  0  0.00  0  0.00  0  0.00  0  0.00  0  0.00  0 //
752960 63.0  1.02  1.02  1.8  0.01  0.0  0.01  0  0.01  0  0.01  0  0.01  0  0.01  0  0.01  0  0.01  0  0.01  0  0.01  0  0.01  0  0.01  0  0.01  0  0.01  0  0.01  0  0.01  0  0.01  0 //
755040 63.0  1.02  1.02  1.8  0.01  0.0  0.01  0  0.01  0  0.01  0  0.01  0  0.01  0  0.01  0  0.01  0  0.01  0  0.01  0  0.01  0  0.01  0  0.01  0  0.01  0  0.01  0  0.01  0  0.01  0 //
757120 63.0  1.02  1.02  1.8  0.01  0.0  0.01  0  0.01  0  0.01  0  0.01  0  0.01  0  0.01  0  0.01  0  0.01  0  0.01  0  0.01  0  0.01  0  0.01  0  0.01  0  0.01  0  0.01  0  0.01  0 //
759200 63.0  1.02  1.02  1.8  0.02  0.0  0.02  0  0.02  0  0.02  0  0.02  0  0.02  0  0.02  0  0.02  0  0.02  0  0.02  0  0.02  0  0.02  0  0.02  0  0.02  0  0.02  0  0.02  0  0.02  0 //
761280 63.0  1.02  1.02  1.8  0.02  0.0  0.02  0  0.02  0  0.02  0  0.02  0  0.02  0  0.02  0  0.02  0  0.02  0  0.02  0  0.02  0  0.02  0  0.02  0  0.02  0  0.02  0  0.02  0  0.02  0 //
763360 63.0  1.02  1.02  1.8  0.03  0.0  0.03  0  0.03  0  0.03  0  0.03  0  0.03  0  0.03  0  0.03  0  0.03  0  0.03  0  0.03  0  0.03  0  0.03  0  0.03  0  0.03  0  0.03  0  0.03  0 //
765440 63.0  1.02  1.02  1.8  0.03  0.0  0.03  0  0.03  0  0.03  0  0.03  0  0.03  0  0.03  0  0.03  0  0.03  0  0.03  0  0.03  0  0.03  0  0.03  0  0.03  0  0.03  0  0.03  0  0.03  0 //
767520 63.0  1.02  1.02  1.8  0.04  0.0  0.04  0  0.04  0  0.04  0  0.04  0  0.04  0  0.04  0  0.04  0  0.04  0  0.04  0  0.04  0  0.04  0  0.04  0  0.04  0  0.04  0  0.04  0  0.04  0 //
769600 63.0  1.02  1.02  1.8  0.04  0.0  0.04  0  0.04  0  0.04  0  0.04  0  0.04  0  0.04  0  0.04  0  0.04  0  0.04  0  0.04  0  0.04  0  0.04  0  0.04  0  0.04  0  0.04  0  0.04  0 //
771680 63.0  1.02  1.02  1.8  0.04  0.0  0.04  0  0.04  0  0.04  0  0.04  0  0.04  0  0.04  0  0.04  0  0.04  0  0.04  0  0.04  0  0.04  0  0.04  0  0.04  0  0.04  0  0.04  0  0.04  0 //
773760 63.0  1.02  1.02  1.8  0.05  0.0  0.05  0  0.05  0  0.05  0  0.05  0  0.05  0  0.05  0  0.05  0  0.05  0  0.05  0  0.05  0  0.05  0  0.05  0  0.05  0  0.05  0  0.05  0  0.05  0 //
775840 63.0  1.02  1.02  1.8  0.05  0.0  0.05  0  0.05  0  0.05  0  0.05  0  0.05  0  0.05  0  0.05  0  0.05  0  0.05  0  0.05  0  0.05  0  0.05  0  0.05  0  0.05  0  0.05  0  0.05  0 //
777920 63.0  1.02  1.02  1.8  0.06  0.0  0.06  0  0.06  0  0.06  0  0.06  0  0.06  0  0.06  0  0.06  0  0.06  0  0.06  0  0.06  0  0.06  0  0.06  0  0.06  0  0.06  0  0.06  0  0.06  0 //
780000 63.0  1.02  1.02  1.8  0.06  0.0  0.06  0  0.06  0  0.06  0  0.06  0  0.06  0  0.06  0  0.06  0  0.06  0  0.06  0  0.06  0  0.06  0  0.06  0  0.06  0  0.06  0  0.06  0  0.06  0 //
782080 63.0  1.02  1.02  1.8  0.06  0.0  0.06  0  0.06  0  0.06  0  0.06  0  0.06  0  0.06  0  0.06  0  0.06  0  0.06  0  0.06  0  0.06  0  0.06  0  0.06  0  0.06  0  0.06  0  0.06  0 //
784160 63.0  1.02  1.02  1.8  0.07  0.0  0.07  0  0.07  0  0.07  0  0.07  0  0.07  0  0.07  0  0.07  0  0.07  0  0.07  0  0.07  0  0.07  0  0.07  0  0.07  0  0.07  0  0.07  0  0.07  0 //
786240 63.0  1.02  1.02  1.8  0.07  0.0  0.07  0  0.07  0  0.07  0  0.07  0  0.07  0  0.07  0  0.07  0  0.07  0  0.07  0  0.07  0  0.07  0  0.07  0  0.07  0  0.07  0  0.07  0  0.07  0 //
788320 63.0  1.02  1.02  1.8  0.08  0.0  0.08  0  0.08  0  0.08  0  0.08  0  0.08  0  0.08  0  0.08  0  0.08  0  0.08  0  0.08  0  0.08  0  0.08  0  0.08  0  0.08  0  0.08  0  0.08  0 //
790400 63.0  1.02  1.02  1.8  0.08  0.0  0.08  0  0.08  0  0.08  0  0.08  0  0.08  0  0.08  0  0.08  0  0.08  0  0.08  0  0.08  0  0.08  0  0.08  0  0.08  0  0.08  0  0.08  0  0.08  0 //
792480 63.0  1.02  1.02  1.8  0.08  0.0  0.08  0  0.08  0  0.08  0  0.08  0  0.08  0  0.08  0  0.08  0  0.08  0  0.08  0  0.08  0  0.08  0  0.08  0  0.08  0  0.08  0  0.08  0  0.08  0 //
794560 63.0  1.02  1.02  1.8  0.09  0.0  0.09  0  0.09  0  0.09  0  0.09  0  0.09  0  0.09  0  0.09  0  0.09  0  0.09  0  0.09  0  0.09  0  0.09  0  0.09  0  0.09  0  0.09  0  0.09  0 //
796640 63.0  1.02  1.02  1.8  0.09  0.0  0.09  0  0.09  0  0.09  0  0.09  0  0.09  0  0.09  0  0.09  0  0.09  0  0.09  0  0.09  0  0.09  0  0.09  0  0.09  0  0.09  0  0.09  0  0.09  0 //
798720 63.0  1.02  1.02  1.8  0.10  0.0  0.10  0  0.10  0  0.10  0  0.10  0  0.10  0  0.10  0  0.10  0  0.10  0  0.10  0  0.10  0  0.10  0  0.10  0  0.10  0  0.10  0  0.10  0  0.10  0 //
800800 63.0  1.02  1.02  1.8  0.10  0.0  0.10  0  0.10  0  0.10  0  0.10  0  0.10  0  0.10  0  0.10  0  0.10  0  0.10  0  0.10  0  0.10  0  0.10  0  0.10  0  0.10  0  0.10  0  0.10  0 //
802880 63.0  1.02  1.02  1.8  0.11  0.0  0.11  0  0.11  0  0.11  0  0.11  0  0.11  0  0.11  0  0.11  0  0.11  0  0.11  0  0.11  0  0.11  0  0.11  0  0.11  0  0.11  0  0.11  0  0.11  0 //
804960 63.0  1.02  1.02  1.8  0.11  0.0  0.11  0  0.11  0  0.11  0  0.11  0  0.11  0  0.11  0  0.11  0  0.11  0  0.11  0  0.11  0  0.11  0  0.11  0  0.11  0  0.11  0  0.11  0  0.11  0 //
807040 63.0  1.02  1.02  1.8  0.11  0.0  0.11  0  0.11  0  0.11  0  0.11  0  0.11  0  0.11  0  0.11  0  0.11  0  0.11  0  0.11  0  0.11  0  0.11  0  0.11  0  0.11  0  0.11  0  0.11  0 //
809120 63.0  1.02  1.02  1.8  0.12  0.0  0.12  0  0.12  0  0.12  0  0.12  0  0.12  0  0.12  0  0.12  0  0.12  0  0.12  0  0.12  0  0.12  0  0.12  0  0.12  0  0.12  0  0.12  0  0.12  0 //
811200 63.0  1.02  1.02  1.8  0.12  0.0  0.12  0  0.12  0  0.12  0  0.12  0  0.12  0  0.12  0  0.12  0  0.12  0  0.12  0  0.12  0  0.12  0  0.12  0  0.12  0  0.12  0  0.12  0  0.12  0 //
813280 63.0  1.02  1.02  1.8  0.13  0.0  0.13  0  0.13  0  0.13  0  0.13  0  0.13  0  0.13  0  0.13  0  0.13  0  0.13  0  0.13  0  0.13  0  0.13  0  0.13  0  0.13  0  0.13  0  0.13  0 //
815360 63.0  1.02  1.02  1.8  0.13  0.0  0.13  0  0.13  0  0.13  0  0.13  0  0.13  0  0.13  0  0.13  0  0.13  0  0.13  0  0.13  0  0.13  0  0.13  0  0.13  0  0.13  0  0.13  0  0.13  0 //
817440 63.0  1.02  1.02  1.8  0.13  0.0  0.13  0  0.13  0  0.13  0  0.13  0  0.13  0  0.13  0  0.13  0  0.13  0  0.13  0  0.13  0  0.13  0  0.13  0  0.13  0  0.13  0  0.13  0  0.13  0 //
819520 63.0  1.02  1.02  1.8  0.14  0.0  0.14  0  0.14  0  0.14  0  0.14  0  0.14  0  0.14  0  0.14  0  0.14  0  0.14  0  0.14  0  0.14  0  0.14  0  0.14  0  0.14  0  0.14  0  0.14  0 //
821600 63.0  1.02  1.02  1.8  0.14  0.0  0.14  0  0.14  0  0.14  0  0.14  0  0.14  0  0.14  0  0.14  0  0.14  0  0.14  0  0.14  0  0.14  0  0.14  0  0.14  0  0.14  0  0.14  0  0.14  0 //
823680 63.0  1.02  1.02  1.8  0.15  0.0  0.15  0  0.15  0  0.15  0  0.15  0  0.15  0  0.15  0  0.15  0  0.15  0  0.15  0  0.15  0  0.15  0  0.15  0  0.15  0  0.15  0  0.15  0  0.15  0 //
825760 63.0  1.02  1.02  1.8  0.15  0.0  0.15  0  0.15  0  0.15  0  0.15  0  0.15  0  0.15  0  0.15  0  0.15  0  0.15  0  0.15  0  0.15  0  0.15  0  0.15  0  0.15  0  0.15  0  0.15  0 //
827840 63.0  1.02  1.02  1.8  0.16  0.0  0.16  0  0.16  0  0.16  0  0.16  0  0.16  0  0.16  0  0.16  0  0.16  0  0.16  0  0.16  0  0.16  0  0.16  0  0.16  0  0.16  0  0.16  0  0.16  0 //
829920 63.0  1.02  1.02  1.8  0.16  0.0  0.16  0  0.16  0  0.16  0  0.16  0  0.16  0  0.16  0  0.16  0  0.16  0  0.16  0  0.16  0  0.16  0  0.16  0  0.16  0  0.16  0  0.16  0  0.16  0 //
832000 63.0  1.02  1.02  1.8  0.16  0.0  0.16  0  0.16  0  0.16  0  0.16  0  0.16  0  0.16  0  0.16  0  0.16  0  0.16  0  0.16  0  0.16  0  0.16  0  0.16  0  0.16  0  0.16  0  0.16  0 //
834080 63.0  1.02  1.02  1.8  0.17  0.0  0.17  0  0.17  0  0.17  0  0.17  0  0.17  0  0.17  0  0.17  0  0.17  0  0.17  0  0.17  0  0.17  0  0.17  0  0.17  0  0.17  0  0.17  0  0.17  0 //
836160 63.0  1.02  1.02  1.8  0.17  0.0  0.17  0  0.17  0  0.17  0  0.17  0  0.17  0  0.17  0  0.17  0  0.17  0  0.17  0  0.17  0  0.17  0  0.17  0  0.17  0  0.17  0  0.17  0  0.17  0 //
838240 63.0  1.02  1.02  1.8  0.18  0.0  0.18  0  0.18  0  0.18  0  0.18  0  0.18  0  0.18  0  0.18  0  0.18  0  0.18  0  0.18  0  0.18  0  0.18  0  0.18  0  0.18  0  0.18  0  0.18  0 //
840320 63.0  1.02  1.02  1.8  0.18  0.0  0.18  0  0.18  0  0.18  0  0.18  0  0.18  0  0.18  0  0.18  0  0.18  0  0.18  0  0.18  0  0.18  0  0.18  0  0.18  0  0.18  0  0.18  0  0.18  0 //
842400 63.0  1.02  1.02  1.8  0.18  0.0  0.18  0  0.18  0  0.18  0  0.18  0  0.18  0  0.18  0  0.18  0  0.18  0  0.18  0  0.18  0  0.18  0  0.18  0  0.18  0  0.18  0  0.18  0  0.18  0 //
844480 63.0  1.02  1.02  1.8  0.19  0.0  0.19  0  0.19  0  0.19  0  0.19  0  0.19  0  0.19  0  0.19  0  0.19  0  0.19  0  0.19  0  0.19  0  0.19  0  0.19  0  0.19  0  0.19  0  0.19  0 //
846560 63.0  1.02  1.02  1.8  0.19  0.0  0.19  0  0.19  0  0.19  0  0.19  0  0.19  0  0.19  0  0.19  0  0.19  0  0.19  0  0.19  0  0.19  0  0.19  0  0.19  0  0.19  0  0.19  0  0.19  0 //
848640 63.0  1.02  1.02  1.8  0.20  0.0  0.20  0  0.20  0  0.20  0  0.20  0  0.20  0  0.20  0  0.20  0  0.20  0  0.20  0  0.20  0  0.20  0  0.20  0  0.20  0  0.20  0  0.20  0  0.20  0 //
850720 63.0  1.02  1.02  1.8  0.20  0.0  0.20  0  0.20  0  0.20  0  0.20  0  0.20  0  0.20  0  0.20  0  0.20  0  0.20  0  0.20  0  0.20  0  0.20  0  0.20  0  0.20  0  0.20  0  0.20  0 //
852800 63.0  1.02  1.02  1.8  0.21  0.0  0.21  0  0.21  0  0.21  0  0.21  0  0.21  0  0.21  0  0.21  0  0.21  0  0.21  0  0.21  0  0.21  0  0.21  0  0.21  0  0.21  0  0.21  0  0.21  0 //
854880 63.0  1.02  1.02  1.8  0.21  0.0  0.21  0  0.21  0  0.21  0  0.21  0  0.21  0  0.21  0  0.21  0  0.21  0  0.21  0  0.21  0  0.21  0  0.21  0  0.21  0  0.21  0  0.21  0  0.21  0 //
856960 63.0  1.02  1.02  1.8  0.21  0.0  0.21  0  0.21  0  0.21  0  0.21  0  0.21  0  0.21  0  0.21  0  0.21  0  0.21  0  0.21  0  0.21  0  0.21  0  0.21  0  0.21  0  0.21  0  0.21  0 //
859040 63.0  1.02  1.02  1.8  0.22  0.0  0.22  0  0.22  0  0.22  0  0.22  0  0.22  0  0.22  0  0.22  0  0.22  0  0.22  0  0.22  0  0.22  0  0.22  0  0.22  0  0.22  0  0.22  0  0.22  0 //
861120 63.0  1.02  1.02  1.8  0.22  0.0  0.22  0  0.22  0  0.22  0  0.22  0  0.22  0  0.22  0  0.22  0  0.22  0  0.22  0  0.22  0  0.22  0  0.22  0  0.22  0  0.22  0  0.22  0  0.22  0 //
863200 63.0  1.02  1.02  1.8  0.23  0.0  0.23  0  0.23  0  0.23  0  0.23  0  0.23  0  0.23  0  0.23  0  0.23  0  0.23  0  0.23  0  0.23  0  0.23  0  0.23  0  0.23  0  0.23  0  0.23  0 //
865280 63.0  1.02  1.02  1.8  0.23  0.0  0.23  0  0.23  0  0.23  0  0.23  0  0.23  0  0.23  0  0.23  0  0.23  0  0.23  0  0.23  0  0.23  0  0.23  0  0.23  0  0.23  0  0.23  0  0.23  0 //
867360 63.0  1.02  1.02  1.8  0.23  0.0  0.23  0  0.23  0  0.23  0  0.23  0  0.23  0  0.23  0  0.23  0  0.23  0  0.23  0  0.23  0  0.23  0  0.23  0  0.23  0  0.23  0  0.23  0  0.23  0 //
869440 63.0  1.02  1.02  1.8  0.24  0.0  0.24  0  0.24  0  0.24  0  0.24  0  0.24  0  0.24  0  0.24  0  0.24  0  0.24  0  0.24  0  0.24  0  0.24  0  0.24  0  0.24  0  0.24  0  0.24  0 //
871520 63.0  1.02  1.02  1.8  0.24  0.0  0.24  0  0.24  0  0.24  0  0.24  0  0.24  0  0.24  0  0.24  0  0.24  0  0.24  0  0.24  0  0.24  0  0.24  0  0.24  0  0.24  0  0.24  0  0.24  0 //
873600 63.0  1.02  1.02  1.8  0.25  0.0  0.25  0  0.25  0  0.25  0  0.25  0  0.25  0  0.25  0  0.25  0  0.25  0  0.25  0  0.25  0  0.25  0  0.25  0  0.25  0  0.25  0  0.25  0  0.25  0 //
875680 63.0  1.02  1.02  1.8  0.25  0.0  0.25  0  0.25  0  0.25  0  0.25  0  0.25  0  0.25  0  0.25  0  0.25  0  0.25  0  0.25  0  0.25  0  0.25  0  0.25  0  0.25  0  0.25  0  0.25  0 //
877760 63.0  1.02  1.02  1.8  0.26  0.0  0.26  0  0.26  0  0.26  0  0.26  0  0.26  0  0.26  0  0.26  0  0.26  0  0.26  0  0.26  0  0.26  0  0.26  0  0.26  0  0.26  0  0.26  0  0.26  0 //
879840 63.0  1.02  1.02  1.8  0.26  0.0  0.26  0  0.26  0  0.26  0  0.26  0  0.26  0  0.26  0  0.26  0  0.26  0  0.26  0  0.26  0  0.26  0  0.26  0  0.26  0  0.26  0  0.26  0  0.26  0 //
881920 63.0  1.02  1.02  1.8  0.26  0.0  0.26  0  0.26  0  0.26  0  0.26  0  0.26  0  0.26  0  0.26  0  0.26  0  0.26  0  0.26  0  0.26  0  0.26  0  0.26  0  0.26  0  0.26  0  0.26  0 //
884000 63.0  1.02  1.02  1.8  0.27  0.0  0.27  0  0.27  0  0.27  0  0.27  0  0.27  0  0.27  0  0.27  0  0.27  0  0.27  0  0.27  0  0.27  0  0.27  0  0.27  0  0.27  0  0.27  0  0.27  0 //
886080 63.0  1.02  1.02  1.8  0.27  0.0  0.27  0  0.27  0  0.27  0  0.27  0  0.27  0  0.27  0  0.27  0  0.27  0  0.27  0  0.27  0  0.27  0  0.27  0  0.27  0  0.27  0  0.27  0  0.27  0 //
888160 63.0  1.02  1.02  1.8  0.28  0.0  0.28  0  0.28  0  0.28  0  0.28  0  0.28  0  0.28  0  0.28  0  0.28  0  0.28  0  0.28  0  0.28  0  0.28  0  0.28  0  0.28  0  0.28  0  0.28  0 //
890240 63.0  1.02  1.02  1.8  0.28  0.0  0.28  0  0.28  0  0.28  0  0.28  0  0.28  0  0.28  0  0.28  0  0.28  0  0.28  0  0.28  0  0.28  0  0.28  0  0.28  0  0.28  0  0.28  0  0.28  0 //
892320 63.0  1.02  1.02  1.8  0.28  0.0  0.28  0  0.28  0  0.28  0  0.28  0  0.28  0  0.28  0  0.28  0  0.28  0  0.28  0  0.28  0  0.28  0  0.28  0  0.28  0  0.28  0  0.28  0  0.28  0 //
894400 63.0  1.02  1.02  1.8  0.29  0.0  0.29  0  0.29  0  0.29  0  0.29  0  0.29  0  0.29  0  0.29  0  0.29  0  0.29  0  0.29  0  0.29  0  0.29  0  0.29  0  0.29  0  0.29  0  0.29  0 //
896480 63.0  1.02  1.02  1.8  0.29  0.0  0.29  0  0.29  0  0.29  0  0.29  0  0.29  0  0.29  0  0.29  0  0.29  0  0.29  0  0.29  0  0.29  0  0.29  0  0.29  0  0.29  0  0.29  0  0.29  0 //
898560 63.0  1.02  1.02  1.8  0.30  0.0  0.30  0  0.30  0  0.30  0  0.30  0  0.30  0  0.30  0  0.30  0  0.30  0  0.30  0  0.30  0  0.30  0  0.30  0  0.30  0  0.30  0  0.30  0  0.30  0 //
900640 63.0  1.02  1.02  1.8  0.30  0.0  0.30  0  0.30  0  0.30  0  0.30  0  0.30  0  0.30  0  0.30  0  0.30  0  0.30  0  0.30  0  0.30  0  0.30  0  0.30  0  0.30  0  0.30  0  0.30  0 //
902720 63.0  1.02  1.02  1.8  0.31  0.0  0.31  0  0.31  0  0.31  0  0.31  0  0.31  0  0.31  0  0.31  0  0.31  0  0.31  0  0.31  0  0.31  0  0.31  0  0.31  0  0.31  0  0.31  0  0.31  0 //
904800 63.0  1.02  1.02  1.8  0.31  0.0  0.31  0  0.31  0  0.31  0  0.31  0  0.31  0  0.31  0  0.31  0  0.31  0  0.31  0  0.31  0  0.31  0  0.31  0  0.31  0  0.31  0  0.31  0  0.31  0 //
906880 63.0  1.02  1.02  1.8  0.31  0.0  0.31  0  0.31  0  0.31  0  0.31  0  0.31  0  0.31  0  0.31  0  0.31  0  0.31  0  0.31  0  0.31  0  0.31  0  0.31  0  0.31  0  0.31  0  0.31  0 //
908960 63.0  1.02  1.02  1.8  0.32  0.0  0.32  0  0.32  0  0.32  0  0.32  0  0.32  0  0.32  0  0.32  0  0.32  0  0.32  0  0.32  0  0.32  0  0.32  0  0.32  0  0.32  0  0.32  0  0.32  0 //
911040 63.0  1.02  1.02  1.8  0.32  0.0  0.32  0  0.32  0  0.32  0  0.32  0  0.32  0  0.32  0  0.32  0  0.32  0  0.32  0  0.32  0  0.32  0  0.32  0  0.32  0  0.32  0  0.32  0  0.32  0 //
913120 63.0  1.02  1.02  1.8  0.33  0.0  0.33  0  0.33  0  0.33  0  0.33  0  0.33  0  0.33  0  0.33  0  0.33  0  0.33  0  0.33  0  0.33  0  0.33  0  0.33  0  0.33  0  0.33  0  0.33  0 //
915200 63.0  1.02  1.02  1.8  0.33  0.0  0.33  0  0.33  0  0.33  0  0.33  0  0.33  0  0.33  0  0.33  0  0.33  0  0.33  0  0.33  0  0.33  0  0.33  0  0.33  0  0.33  0  0.33  0  0.33  0 //
917280 63.0  1.02  1.02  1.8  0.33  0.0  0.33  0  0.33  0  0.33  0  0.33  0  0.33  0  0.33  0  0.33  0  0.33  0  0.33  0  0.33  0  0.33  0  0.33  0  0.33  0  0.33  0  0.33  0  0.33  0 //
919360 63.0  1.02  1.02  1.8  0.34  0.0  0.34  0  0.34  0  0.34  0  0.34  0  0.34  0  0.34  0  0.34  0  0.34  0  0.34  0  0.34  0  0.34  0  0.34  0  0.34  0  0.34  0  0.34  0  0.34  0 //
921440 63.0  1.02  1.02  1.8  0.34  0.0  0.34  0  0.34  0  0.34  0  0.34  0  0.34  0  0.34  0  0.34  0  0.34  0  0.34  0  0.34  0  0.34  0  0.34  0  0.34  0  0.34  0  0.34  0  0.34  0 //
923520 63.0  1.02  1.02  1.8  0.35  0.0  0.35  0  0.35  0  0.35  0  0.35  0  0.35  0  0.35  0  0.35  0  0.35  0  0.35  0  0.35  0  0.35  0  0.35  0  0.35  0  0.35  0  0.35  0  0.35  0 //
925600 63.0  1.02  1.02  1.8  0.35  0.0  0.35  0  0.35  0  0.35  0  0.35  0  0.35  0  0.35  0  0.35  0  0.35  0  0.35  0  0.35  0  0.35  0  0.35  0  0.35  0  0.35  0  0.35  0  0.35  0 //
927680 63.0  1.02  1.02  1.8  0.36  0.0  0.36  0  0.36  0  0.36  0  0.36  0  0.36  0  0.36  0  0.36  0  0.36  0  0.36  0  0.36  0  0.36  0  0.36  0  0.36  0  0.36  0  0.36  0  0.36  0 //
929760 63.0  1.02  1.02  1.8  0.36  0.0  0.36  0  0.36  0  0.36  0  0.36  0  0.36  0  0.36  0  0.36  0  0.36  0  0.36  0  0.36  0  0.36  0  0.36  0  0.36  0  0.36  0  0.36  0  0.36  0 //
931840 63.0  1.02  1.02  1.8  0.36  0.0  0.36  0  0.36  0  0.36  0  0.36  0  0.36  0  0.36  0  0.36  0  0.36  0  0.36  0  0.36  0  0.36  0  0.36  0  0.36  0  0.36  0  0.36  0  0.36  0 //
933920 63.0  1.02  1.02  1.8  0.37  0.0  0.37  0  0.37  0  0.37  0  0.37  0  0.37  0  0.37  0  0.37  0  0.37  0  0.37  0  0.37  0  0.37  0  0.37  0  0.37  0  0.37  0  0.37  0  0.37  0 //
936000 63.0  1.02  1.02  1.8  0.37  0.0  0.37  0  0.37  0  0.37  0  0.37  0  0.37  0  0.37  0  0.37  0  0.37  0  0.37  0  0.37  0  0.37  0  0.37  0  0.37  0  0.37  0  0.37  0  0.37  0 //
938080 63.0  1.02  1.02  1.8  0.38  0.0  0.38  0  0.38  0  0.38  0  0.38  0  0.38  0  0.38  0  0.38  0  0.38  0  0.38  0  0.38  0  0.38  0  0.38  0  0.38  0  0.38  0  0.38  0  0.38  0 //
940160 63.0  1.02  1.02  1.8  0.38  0.0  0.38  0  0.38  0  0.38  0  0.38  0  0.38  0  0.38  0  0.38  0  0.38  0  0.38  0  0.38  0  0.38  0  0.38  0  0.38  0  0.38  0  0.38  0  0.38  0 //
942240 63.0  1.02  1.02  1.8  0.38  0.0  0.38  0  0.38  0  0.38  0  0.38  0  0.38  0  0.38  0  0.38  0  0.38  0  0.38  0  0.38  0  0.38  0  0.38  0  0.38  0  0.38  0  0.38  0  0.38  0 //
944320 63.0  1.02  1.02  1.8  0.39  0.0  0.39  0  0.39  0  0.39  0  0.39  0  0.39  0  0.39  0  0.39  0  0.39  0  0.39  0  0.39  0  0.39  0  0.39  0  0.39  0  0.39  0  0.39  0  0.39  0 //
946400 63.0  1.02  1.02  1.8  0.39  0.0  0.39  0  0.39  0  0.39  0  0.39  0  0.39  0  0.39  0  0.39  0  0.39  0  0.39  0  0.39  0  0.39  0  0.39  0  0.39  0  0.39  0  0.39  0  0.39  0 //
948480 63.0  1.02  1.02  1.8  0.40  0.0  0.40  0  0.40  0  0.40  0  0.40  0  0.40  0  0.40  0  0.40  0  0.40  0  0.40  0  0.40  0  0.40  0  0.40  0  0.40  0  0.40  0  0.40  0  0.40  0 //
950560 63.0  1.02  1.02  1.8  0.40  0.0  0.40  0  0.40  0  0.40  0  0.40  0  0.40  0  0.40  0  0.40  0  0.40  0  0.40  0  0.40  0  0.40  0  0.40  0  0.40  0  0.40  0  0.40  0  0.40  0 //
952640 63.0  1.02  1.02  1.8  0.41  0.0  0.41  0  0.41  0  0.41  0  0.41  0  0.41  0  0.41  0  0.41  0  0.41  0  0.41  0  0.41  0  0.41  0  0.41  0  0.41  0  0.41  0  0.41  0  0.41  0 //
954720 63.0  1.02  1.02  1.8  0.41  0.0  0.41  0  0.41  0  0.41  0  0.41  0  0.41  0  0.41  0  0.41  0  0.41  0  0.41  0  0.41  0  0.41  0  0.41  0  0.41  0  0.41  0  0.41  0  0.41  0 //
956800 63.0  1.02  1.02  1.8  0.41  0.0  0.41  0  0.41  0  0.41  0  0.41  0  0.41  0  0.41  0  0.41  0  0.41  0  0.41  0  0.41  0  0.41  0  0.41  0  0.41  0  0.41  0  0.41  0  0.41  0 //
958880 63.0  1.02  1.02  1.8  0.42  0.0  0.42  0  0.42  0  0.42  0  0.42  0  0.42  0  0.42  0  0.42  0  0.42  0  0.42  0  0.42  0  0.42  0  0.42  0  0.42  0  0.42  0  0.42  0  0.42  0 //
960960 63.0  1.02  1.02  1.8  0.42  0.0  0.42  0  0.42  0  0.42  0  0.42  0  0.42  0  0.42  0  0.42  0  0.42  0  0.42  0  0.42  0  0.42  0  0.42  0  0.42  0  0.42  0  0.42  0  0.42  0 //
963040 63.0  1.02  1.02  1.8  0.43  0.0  0.43  0  0.43  0  0.43  0  0.43  0  0.43  0  0.43  0  0.43  0  0.43  0  0.43  0  0.43  0  0.43  0  0.43  0  0.43  0  0.43  0  0.43  0  0.43  0 //
965120 63.0  1.02  1.02  1.8  0.43  0.0  0.43  0  0.43  0  0.43  0  0.43  0  0.43  0  0.43  0  0.43  0  0.43  0  0.43  0  0.43  0  0.43  0  0.43  0  0.43  0  0.43  0  0.43  0  0.43  0 //
967200 63.0  1.02  1.02  1.8  0.43  0.0  0.43  0  0.43  0  0.43  0  0.43  0  0.43  0  0.43  0  0.43  0  0.43  0  0.43  0  0.43  0  0.43  0  0.43  0  0.43  0  0.43  0  0.43  0  0.43  0 //
969280 63.0  1.02  1.02  1.8  0.44  0.0  0.44  0  0.44  0  0.44  0  0.44  0  0.44  0  0.44  0  0.44  0  0.44  0  0.44  0  0.44  0  0.44  0  0.44  0  0.44  0  0.44  0  0.44  0  0.44  0 //
971360 63.0  1.02  1.02  1.8  0.44  0.0  0.44  0  0.44  0  0.44  0  0.44  0  0.44  0  0.44  0  0.44  0  0.44  0  0.44  0  0.44  0  0.44  0  0.44  0  0.44  0  0.44  0  0.44  0  0.44  0 //
973440 63.0  1.02  1.02  1.8  0.45  0.0  0.45  0  0.45  0  0.45  0  0.45  0  0.45  0  0.45  0  0.45  0  0.45  0  0.45  0  0.45  0  0.45  0  0.45  0  0.45  0  0.45  0  0.45  0  0.45  0 //
975520 63.0  1.02  1.02  1.8  0.45  0.0  0.45  0  0.45  0  0.45  0  0.45  0  0.45  0  0.45  0  0.45  0  0.45  0  0.45  0  0.45  0  0.45  0  0.45  0  0.45  0  0.45  0  0.45  0  0.45  0 //
977600 63.0  1.02  1.02  1.8  0.46  0.0  0.46  0  0.46  0  0.46  0  0.46  0  0.46  0  0.46  0  0.46  0  0.46  0  0.46  0  0.46  0  0.46  0  0.46  0  0.46  0  0.46  0  0.46  0  0.46  0 //
979680 63.0  1.02  1.02  1.8  0.46  0.0  0.46  0  0.46  0  0.46  0  0.46  0  0.46  0  0.46  0  0.46  0  0.46  0  0.46  0  0.46  0  0.46  0  0.46  0  0.46  0  0.46  0  0.46  0  0.46  0 //
981760 63.0  1.02  1.02  1.8  0.46  0.0  0.46  0  0.46  0  0.46  0  0.46  0  0.46  0  0.46  0  0.46  0  0.46  0  0.46  0  0.46  0  0.46  0  0.46  0  0.46  0  0.46  0  0.46  0  0.46  0 //
983840 63.0  1.02  1.02  1.8  0.47  0.0  0.47  0  0.47  0  0.47  0  0.47  0  0.47  0  0.47  0  0.47  0  0.47  0  0.47  0  0.47  0  0.47  0  0.47  0  0.47  0  0.47  0  0.47  0  0.47  0 //
985920 63.0  1.02  1.02  1.8  0.47  0.0  0.47  0  0.47  0  0.47  0  0.47  0  0.47  0  0.47  0  0.47  0  0.47  0  0.47  0  0.47  0  0.47  0  0.47  0  0.47  0  0.47  0  0.47  0  0.47  0 //
988000 63.0  1.02  1.02  1.8  0.48  0.0  0.48  0  0.48  0  0.48  0  0.48  0  0.48  0  0.48  0  0.48  0  0.48  0  0.48  0  0.48  0  0.48  0  0.48  0  0.48  0  0.48  0  0.48  0  0.48  0 //
990080 63.0  1.02  1.02  1.8  0.48  0.0  0.48  0  0.48  0  0.48  0  0.48  0  0.48  0  0.48  0  0.48  0  0.48  0  0.48  0  0.48  0  0.48  0  0.48  0  0.48  0  0.48  0  0.48  0  0.48  0 //
992160 63.0  1.02  1.02  1.8  0.48  0.0  0.48  0  0.48  0  0.48  0  0.48  0  0.48  0  0.48  0  0.48  0  0.48  0  0.48  0  0.48  0  0.48  0  0.48  0  0.48  0  0.48  0  0.48  0  0.48  0 //
994240 63.0  1.02  1.02  1.8  0.49  0.0  0.49  0  0.49  0  0.49  0  0.49  0  0.49  0  0.49  0  0.49  0  0.49  0  0.49  0  0.49  0  0.49  0  0.49  0  0.49  0  0.49  0  0.49  0  0.49  0 //
996320 63.0  1.02  1.02  1.8  0.49  0.0  0.49  0  0.49  0  0.49  0  0.49  0  0.49  0  0.49  0  0.49  0  0.49  0  0.49  0  0.49  0  0.49  0  0.49  0  0.49  0  0.49  0  0.49  0  0.49  0 //
998400 63.0  1.02  1.02  1.8  0.50  0.0  0.50  0  0.50  0  0.50  0  0.50  0  0.50  0  0.50  0  0.50  0  0.50  0  0.50  0  0.50  0  0.50  0  0.50  0  0.50  0  0.50  0  0.50  0  0.50  0 //
